,Rank_1,Rank_2,Rank_3
0,7,1,2
1,7,1,5
2,1,4,7
3,1,7,2
4,1,5,7
5,1,4,2
6,7,1,8
7,4,1,9
8,1,2,4
9,1,5,3
10,9,10,4
11,1,2,7
12,5,1,8
13,5,1,7
14,3,4,1
15,7,5,3
16,1,2,4
17,7,1,5
18,9,4,10
19,9,10,1
20,4,6,9
21,7,1,3
22,9,4,10
23,9,10,4
24,7,4,1
25,10,9,8
26,7,1,2
27,1,7,2
28,9,4,1
29,5,6,3
30,1,3,5
31,1,2,4
32,5,4,6
33,4,2,10
34,2,1,8
35,4,1,5
36,9,4,8
37,4,1,10
38,6,7,5
39,4,1,2
40,9,4,10
41,5,4,7
42,4,5,6
43,9,4,10
44,9,4,1
45,10,2,4
46,5,7,4
47,4,6,1
48,8,7,1
49,6,8,7
50,7,1,3
51,9,4,1
52,7,5,1
53,1,5,7
54,1,7,2
55,9,8,2
56,1,3,2
57,7,5,1
58,7,1,4
59,4,1,7
60,7,1,2
61,1,2,4
62,1,8,4
63,4,1,9
64,7,5,1
65,4,1,5
66,2,1,8
67,1,7,5
68,7,1,4
69,1,6,7
70,6,7,1
71,9,10,4
72,1,2,4
73,7,5,4
74,9,8,10
75,5,7,4
76,4,7,8
77,7,1,3
78,4,9,1
79,1,7,4
80,1,10,5
81,6,1,5
82,1,7,2
83,2,1,8
84,4,9,10
85,7,5,1
86,1,7,3
87,8,2,7
88,6,5,1
89,10,1,9
90,2,1,8
91,5,4,9
92,6,9,10
93,6,10,4
94,4,5,1
95,6,7,8
96,1,7,2
97,4,1,7
98,9,4,1
99,1,7,2
100,1,10,2
101,7,1,5
102,4,6,10
103,4,7,1
104,6,8,1
105,9,4,1
106,10,2,9
107,5,2,1
108,7,1,3
109,4,5,3
110,10,4,9
111,6,5,1
112,1,5,2
113,1,7,2
114,9,10,4
115,4,1,3
116,2,1,8
117,4,1,9
118,9,4,10
119,9,10,8
120,7,3,1
121,2,9,8
122,6,10,4
123,10,2,9
124,9,4,1
125,4,1,2
126,2,1,4
127,1,4,2
128,4,1,2
129,4,8,10
130,4,8,1
131,1,4,10
132,5,7,4
133,2,1,4
134,9,10,4
135,8,9,10
136,1,2,3
137,9,8,4
138,1,2,4
139,1,10,2
140,9,10,4
141,9,4,2
142,1,4,2
143,4,1,2
144,9,10,4
145,7,4,6
146,5,6,3
147,5,4,6
148,7,5,1
149,4,1,5
150,1,4,7
151,5,1,7
152,1,7,2
153,10,4,1
154,9,8,10
155,5,1,4
156,9,8,2
157,1,5,7
158,7,4,5
159,4,1,7
160,9,4,10
161,4,9,5
162,5,3,4
163,10,4,9
164,4,3,1
165,4,1,5
166,10,8,9
167,9,8,10
168,9,10,2
169,7,1,3
170,4,9,10
171,4,1,2
172,4,9,1
173,4,1,9
174,1,5,4
175,10,9,4
176,1,8,7
177,1,2,4
178,5,7,3
179,1,7,4
180,9,8,10
181,7,5,1
182,3,4,9
183,1,2,4
184,4,1,2
185,6,4,9
186,5,10,4
187,1,2,4
188,9,10,4
189,1,2,3
190,1,5,3
191,1,7,2
192,6,10,4
193,9,4,1
194,7,1,4
195,4,1,6
196,2,1,4
197,6,4,10
198,8,7,2
199,4,9,1
200,4,1,10
201,7,4,1
202,8,7,6
203,4,7,1
204,1,2,4
205,7,1,5
206,1,2,4
207,5,7,4
208,6,1,2
209,7,5,1
210,1,7,2
211,5,1,7
212,6,8,7
213,4,8,1
214,5,1,7
215,7,1,4
216,2,8,1
217,4,1,2
218,9,10,8
219,9,4,10
220,4,1,2
221,1,4,7
222,5,7,1
223,10,2,1
224,6,10,4
225,7,1,2
226,1,2,5
227,5,7,1
228,5,7,1
229,1,2,7
230,5,3,4
231,1,7,2
232,10,9,6
233,5,4,7
234,1,7,5
235,5,4,1
236,2,1,5
237,1,2,4
238,1,7,5
239,4,1,5
240,1,4,7
241,2,1,4
242,1,7,2
243,6,4,9
244,10,6,1
245,4,1,5
246,1,2,4
247,10,1,5
248,2,1,8
249,1,4,7
250,8,7,4
251,4,2,1
252,9,8,10
253,7,5,3
254,10,4,6
255,4,1,5
256,5,1,3
257,8,7,1
258,1,2,5
259,4,5,7
260,1,2,4
261,6,3,1
262,6,10,4
263,4,1,2
264,4,1,6
265,9,4,10
266,1,5,10
267,1,2,4
268,7,1,2
269,4,1,2
270,9,4,10
271,2,1,10
272,8,7,1
273,7,5,6
274,9,4,10
275,6,8,10
276,5,4,7
277,1,7,2
278,7,1,4
279,7,5,1
280,7,5,3
281,7,1,8
282,1,2,4
283,1,2,7
284,5,1,7
285,5,7,8
286,4,10,1
287,6,4,1
288,9,10,3
289,5,3,4
290,1,2,7
291,7,1,3
292,9,10,6
293,7,5,6
294,6,4,10
295,1,7,2
296,9,4,1
297,4,1,5
298,8,10,2
299,9,4,10
300,9,2,10
301,2,1,10
302,1,7,6
303,9,10,4
304,1,2,4
305,4,8,1
306,6,3,1
307,2,8,10
308,7,1,4
309,1,7,8
310,5,7,3
311,1,5,7
312,9,10,4
313,9,10,4
314,4,1,6
315,1,2,4
316,4,9,1
317,5,7,4
318,4,1,7
319,4,5,1
320,4,1,6
321,1,4,7
322,7,8,10
323,4,9,6
324,5,7,4
325,6,1,3
326,7,1,5
327,8,1,2
328,1,4,7
329,7,6,5
330,4,1,7
331,7,5,1
332,4,1,3
333,1,4,3
334,7,5,3
335,7,1,2
336,4,6,1
337,4,5,1
338,4,9,2
339,10,4,9
340,1,7,8
341,9,4,10
342,9,4,10
343,7,1,3
344,7,4,3
345,10,5,8
346,8,1,2
347,5,7,3
348,1,5,2
349,1,2,5
350,5,7,6
351,8,1,6
352,1,8,7
353,9,4,1
354,2,1,4
355,2,1,4
356,1,5,2
357,7,3,1
358,6,5,9
359,1,4,8
360,4,6,5
361,1,2,8
362,1,4,7
363,4,9,1
364,5,4,10
365,10,9,6
366,6,4,10
367,7,5,1
368,8,2,9
369,5,4,10
370,1,2,5
371,4,9,10
372,1,2,5
373,4,9,1
374,1,5,7
375,9,4,10
376,4,9,2
377,6,5,10
378,4,1,8
379,6,4,1
380,7,1,4
381,1,2,4
382,1,4,7
383,5,7,1
384,9,4,10
385,4,10,2
386,5,1,2
387,4,1,7
388,2,1,3
389,9,10,4
390,7,3,4
391,2,10,1
392,2,1,5
393,1,5,10
394,4,1,8
395,7,4,5
396,5,7,1
397,4,1,3
398,9,4,1
399,3,9,1
400,1,4,3
401,6,9,1
402,7,3,5
403,2,1,4
404,1,3,2
405,2,1,8
406,4,1,3
407,4,5,7
408,5,7,4
409,9,4,3
410,5,6,3
411,4,1,6
412,1,6,2
413,2,1,8
414,7,5,3
415,8,9,2
416,7,6,1
417,4,1,3
418,1,7,2
419,7,1,2
420,8,6,1
421,8,1,2
422,4,6,5
423,4,1,7
424,4,5,1
425,5,7,3
426,9,10,4
427,6,8,1
428,9,4,8
429,7,5,4
430,2,8,9
431,7,5,3
432,2,1,4
433,9,4,3
434,4,9,1
435,5,6,3
436,7,1,2
437,7,5,4
438,9,4,3
439,4,1,3
440,8,2,1
441,4,6,2
442,1,3,2
443,4,1,9
444,7,6,3
445,1,5,4
446,8,7,5
447,5,7,1
448,8,5,4
449,4,1,3
450,2,1,4
451,8,9,1
452,7,1,3
453,9,4,10
454,5,4,7
455,9,10,1
456,1,2,8
457,7,5,4
458,7,4,3
459,5,4,7
460,7,5,8
461,1,2,4
462,6,4,10
463,4,9,8
464,3,4,5
465,1,2,3
466,9,10,4
467,2,1,10
468,4,1,3
469,8,1,7
470,5,1,2
471,7,1,4
472,1,7,2
473,4,6,9
474,7,1,4
475,1,7,5
476,8,6,3
477,10,9,8
478,4,9,1
479,7,8,6
480,9,4,2
481,1,6,8
482,1,7,4
483,1,5,3
484,1,4,3
485,2,1,4
486,8,6,1
487,1,7,5
488,2,1,8
489,1,2,4
490,4,9,1
491,7,1,3
492,6,5,4
493,9,4,10
494,7,1,5
495,7,5,1
496,5,1,3
497,10,8,9
498,6,5,10
499,6,4,5
500,1,2,8
501,2,1,8
502,1,7,3
503,1,4,5
504,7,1,8
505,7,1,3
506,9,10,4
507,1,2,5
508,5,1,2
509,4,1,7
510,2,10,1
511,1,2,10
512,1,4,6
513,2,1,8
514,1,5,7
515,8,7,6
516,9,10,8
517,7,4,1
518,2,1,4
519,1,2,7
520,9,4,1
521,1,7,8
522,9,10,8
523,8,6,4
524,5,3,1
525,5,7,3
526,9,4,10
527,1,4,8
528,6,1,2
529,6,5,3
530,4,6,1
531,1,8,4
532,1,2,7
533,4,5,3
534,9,2,4
535,7,1,2
536,2,1,8
537,5,4,7
538,4,1,2
539,4,1,9
540,4,10,1
541,10,1,2
542,10,9,4
543,1,4,3
544,1,2,3
545,9,4,10
546,9,10,4
547,4,1,2
548,1,7,4
549,5,3,1
550,10,1,4
551,1,8,3
552,8,2,10
553,9,10,5
554,1,4,3
555,8,1,2
556,4,9,1
557,4,9,10
558,10,4,1
559,1,2,4
560,6,1,4
561,1,7,2
562,7,4,1
563,5,4,1
564,9,4,10
565,4,1,6
566,1,7,3
567,5,7,1
568,7,1,8
569,1,7,3
570,9,4,10
571,7,5,1
572,4,5,7
573,7,4,8
574,8,2,9
575,1,7,4
576,7,5,3
577,9,4,10
578,1,2,3
579,6,1,5
580,4,9,1
581,4,9,1
582,10,2,9
583,5,1,4
584,1,5,6
585,5,6,1
586,7,1,3
587,1,2,4
588,7,1,3
589,4,1,10
590,7,6,1
591,1,7,5
592,9,4,10
593,8,1,4
594,1,7,5
595,1,7,3
596,4,1,6
597,6,8,5
598,1,6,2
599,4,1,9
600,9,4,10
601,5,7,4
602,2,4,1
603,4,5,1
604,9,4,10
605,1,4,7
606,9,10,8
607,7,4,1
608,1,7,5
609,8,6,7
610,4,9,1
611,5,7,1
612,1,2,7
613,5,1,2
614,6,4,8
615,9,4,1
616,7,5,9
617,4,3,1
618,6,5,4
619,9,10,1
620,2,1,8
621,6,4,7
622,8,6,1
623,9,4,10
624,4,1,2
625,9,4,10
626,4,1,2
627,5,6,3
628,1,3,5
629,1,4,6
630,2,1,4
631,7,4,1
632,1,2,8
633,1,5,3
634,5,1,2
635,2,1,4
636,5,1,4
637,7,4,1
638,1,10,5
639,3,2,4
640,2,1,8
641,7,1,3
642,7,6,1
643,1,7,8
644,7,5,3
645,4,6,1
646,1,8,4
647,7,1,3
648,7,1,2
649,7,1,4
650,2,1,8
651,2,1,3
652,5,6,1
653,9,10,4
654,4,1,3
655,9,10,4
656,1,8,10
657,1,7,3
658,7,5,1
659,7,5,3
660,4,9,10
661,4,6,9
662,4,1,9
663,1,7,5
664,4,1,8
665,7,5,6
666,6,4,1
667,7,1,6
668,7,1,3
669,4,9,10
670,1,10,9
671,7,1,8
672,10,1,3
673,9,10,4
674,4,8,10
675,2,10,1
676,4,10,2
677,2,1,4
678,4,1,3
679,4,5,7
680,1,6,9
681,4,6,5
682,1,2,8
683,9,4,10
684,5,1,10
685,6,8,7
686,7,1,3
687,1,7,2
688,9,10,4
689,6,9,4
690,5,4,1
691,1,7,4
692,4,9,1
693,1,4,8
694,2,1,8
695,6,9,10
696,5,7,1
697,9,10,4
698,5,3,10
699,8,1,7
700,1,5,4
701,6,5,3
702,5,7,1
703,1,4,2
704,5,4,7
705,4,9,10
706,2,1,8
707,4,6,1
708,1,2,4
709,1,2,8
710,4,1,2
711,6,7,3
712,9,4,2
713,8,6,10
714,8,1,7
715,5,7,1
716,1,2,4
717,9,4,10
718,1,2,3
719,7,5,3
720,9,10,4
721,1,2,4
722,5,3,1
723,7,1,4
724,6,4,1
725,5,10,9
726,9,8,4
727,2,1,4
728,9,4,2
729,4,9,1
730,7,1,3
731,4,10,9
732,5,1,3
733,7,5,3
734,1,2,10
735,5,10,3
736,4,1,7
737,7,5,3
738,4,1,9
739,6,4,1
740,9,4,8
741,9,10,2
742,9,10,4
743,4,9,1
744,4,6,9
745,1,7,3
746,7,1,3
747,5,3,1
748,1,5,3
749,3,1,2
750,1,2,5
751,9,4,1
752,5,1,3
753,7,1,5
754,1,2,5
755,7,5,1
756,5,7,4
757,9,10,8
758,2,1,4
759,2,4,1
760,4,2,1
761,9,4,10
762,9,10,8
763,5,1,7
764,5,1,7
765,5,6,1
766,7,1,3
767,1,2,5
768,9,10,8
769,2,4,1
770,1,4,2
771,8,7,1
772,7,5,1
773,6,9,8
774,9,10,1
775,1,2,8
776,7,1,5
777,1,5,2
778,8,2,1
779,10,7,3
780,4,1,2
781,4,1,8
782,4,9,1
783,2,4,1
784,1,5,7
785,5,4,6
786,4,1,2
787,7,3,1
788,1,2,7
789,9,2,8
790,1,4,5
791,7,3,4
792,8,4,6
793,5,1,4
794,6,3,7
795,1,7,4
796,6,10,9
797,5,7,3
798,6,9,4
799,1,7,4
800,9,10,8
801,2,4,1
802,3,1,4
803,1,2,4
804,1,4,2
805,9,4,10
806,4,10,6
807,1,7,2
808,5,3,6
809,9,10,8
810,6,9,10
811,4,9,6
812,1,4,3
813,9,5,10
814,5,1,4
815,9,10,4
816,1,10,9
817,2,1,8
818,7,4,5
819,7,1,5
820,8,4,1
821,2,1,10
822,1,7,4
823,4,1,7
824,5,1,7
825,6,5,1
826,1,7,2
827,5,4,3
828,7,1,3
829,7,1,4
830,7,1,4
831,1,2,4
832,1,4,2
833,2,10,1
834,2,4,8
835,9,10,4
836,1,3,7
837,1,4,3
838,5,7,1
839,9,8,4
840,1,7,8
841,1,2,8
842,4,10,3
843,7,1,4
844,5,7,8
845,9,10,1
846,5,7,3
847,6,4,8
848,1,10,4
849,4,1,6
850,6,5,10
851,5,1,3
852,2,1,4
853,9,10,8
854,5,7,4
855,9,4,1
856,7,1,5
857,9,10,4
858,6,1,5
859,1,3,4
860,10,9,4
861,4,1,2
862,4,1,5
863,1,2,4
864,9,10,8
865,9,1,8
866,9,4,1
867,10,1,8
868,1,7,4
869,4,1,3
870,1,4,7
871,2,1,4
872,9,4,10
873,7,1,3
874,2,4,1
875,5,10,7
876,7,4,1
877,5,8,2
878,6,4,1
879,4,9,10
880,4,2,1
881,4,9,1
882,9,10,4
883,9,8,10
884,7,1,8
885,9,10,4
886,5,4,1
887,4,9,1
888,5,4,3
889,1,4,2
890,4,1,9
891,5,3,4
892,7,1,3
893,7,1,5
894,9,4,2
895,1,2,4
896,10,9,2
897,1,5,3
898,1,5,3
899,10,4,1
900,5,7,4
901,10,1,4
902,1,2,8
903,7,1,3
904,4,1,6
905,7,1,4
906,7,5,6
907,1,7,2
908,10,9,1
909,6,4,1
910,4,1,6
911,7,1,3
912,9,4,1
913,7,5,3
914,2,1,4
915,4,10,6
916,9,10,1
917,5,3,10
918,4,1,5
919,4,9,1
920,9,10,4
921,1,5,4
922,4,10,6
923,6,8,4
924,7,8,1
925,1,2,4
926,1,4,5
927,1,7,5
928,1,3,2
929,9,8,10
930,5,4,7
931,6,4,10
932,1,5,4
933,8,10,9
934,7,1,4
935,2,10,1
936,4,1,9
937,1,2,4
938,8,7,6
939,10,1,5
940,1,6,2
941,9,4,2
942,1,7,2
943,6,5,7
944,5,4,3
945,5,1,3
946,7,1,2
947,4,1,10
948,4,7,5
949,8,6,2
950,1,7,4
951,7,1,2
952,5,1,4
953,9,10,4
954,9,10,4
955,1,2,3
956,7,1,3
957,1,2,3
958,5,4,2
959,4,1,7
960,1,7,2
961,4,9,1
962,1,4,3
963,7,1,2
964,4,9,1
965,1,4,7
966,4,9,1
967,5,7,1
968,5,4,1
969,9,4,10
970,9,10,6
971,2,1,4
972,6,3,5
973,4,1,7
974,9,4,1
975,2,1,3
976,10,4,1
977,1,4,5
978,10,6,9
979,4,10,9
980,4,2,1
981,7,1,3
982,9,6,10
983,9,8,2
984,9,10,4
985,7,1,3
986,9,8,10
987,1,7,2
988,8,6,10
989,7,1,2
990,5,4,1
991,7,4,1
992,1,2,10
993,4,1,2
994,8,1,10
995,9,4,10
996,1,9,4
997,1,2,8
998,6,5,4
999,1,4,2
1000,7,5,1
1001,9,4,6
1002,4,5,3
1003,2,4,1
1004,7,5,1
1005,1,7,2
1006,5,4,7
1007,10,4,2
1008,5,10,6
1009,4,9,2
1010,7,1,2
1011,4,6,7
1012,5,4,3
1013,4,9,1
1014,1,4,2
1015,1,7,4
1016,10,6,9
1017,7,4,1
1018,1,5,4
1019,7,4,5
1020,1,5,4
1021,5,3,6
1022,8,1,2
1023,7,1,5
1024,9,6,10
1025,7,4,8
1026,9,10,1
1027,1,2,4
1028,5,3,1
1029,6,2,1
1030,1,2,4
1031,7,1,2
1032,6,10,8
1033,8,1,7
1034,5,4,7
1035,4,6,9
1036,9,10,4
1037,2,4,1
1038,1,5,3
1039,9,10,4
1040,9,10,8
1041,1,4,2
1042,8,7,1
1043,4,1,2
1044,9,8,10
1045,1,4,7
1046,1,7,2
1047,4,7,1
1048,9,10,4
1049,1,2,4
1050,4,1,6
1051,4,1,5
1052,1,2,8
1053,6,7,3
1054,7,1,5
1055,9,4,10
1056,8,10,2
1057,7,1,3
1058,4,9,10
1059,7,1,2
1060,6,8,10
1061,7,6,5
1062,5,7,1
1063,8,5,10
1064,7,1,3
1065,7,5,3
1066,2,1,8
1067,6,7,1
1068,1,4,10
1069,1,7,2
1070,5,3,6
1071,1,7,2
1072,4,6,10
1073,1,4,2
1074,9,10,4
1075,6,1,4
1076,4,1,2
1077,1,4,3
1078,10,2,9
1079,4,9,1
1080,4,1,2
1081,5,7,3
1082,9,4,2
1083,1,2,7
1084,6,10,8
1085,1,2,3
1086,1,4,2
1087,5,4,3
1088,8,6,2
1089,6,1,5
1090,4,3,1
1091,5,3,10
1092,1,7,8
1093,8,6,9
1094,5,4,1
1095,5,7,3
1096,5,4,7
1097,5,3,4
1098,2,8,1
1099,1,2,4
1100,5,4,3
1101,8,2,1
1102,6,4,1
1103,7,8,1
1104,5,1,3
1105,7,5,4
1106,4,1,10
1107,10,2,8
1108,7,1,2
1109,5,4,3
1110,5,4,1
1111,9,10,4
1112,1,2,4
1113,8,10,2
1114,1,4,2
1115,9,4,10
1116,1,7,3
1117,7,1,3
1118,1,2,4
1119,7,5,1
1120,8,1,2
1121,5,1,3
1122,9,10,8
1123,1,4,2
1124,1,7,3
1125,9,10,8
1126,4,1,7
1127,6,4,5
1128,2,1,9
1129,1,5,6
1130,4,1,3
1131,5,3,4
1132,9,4,10
1133,7,1,4
1134,7,4,1
1135,1,5,3
1136,9,10,8
1137,4,1,5
1138,9,10,4
1139,1,4,2
1140,4,1,2
1141,1,5,3
1142,9,6,10
1143,9,4,10
1144,5,4,6
1145,1,7,6
1146,1,7,4
1147,1,7,2
1148,4,1,2
1149,2,4,1
1150,1,5,10
1151,2,4,1
1152,1,8,2
1153,7,1,3
1154,9,8,10
1155,1,2,4
1156,8,2,1
1157,1,5,7
1158,1,2,3
1159,7,5,3
1160,4,1,7
1161,4,9,1
1162,2,10,1
1163,7,1,4
1164,1,7,3
1165,9,8,10
1166,7,5,1
1167,4,10,9
1168,4,6,1
1169,9,10,4
1170,1,7,5
1171,1,4,8
1172,6,9,1
1173,8,7,1
1174,1,7,2
1175,1,7,2
1176,1,7,2
1177,6,8,5
1178,7,1,4
1179,1,4,7
1180,1,4,7
1181,1,2,8
1182,7,1,3
1183,6,4,1
1184,7,1,2
1185,2,4,3
1186,6,8,5
1187,1,7,2
1188,1,3,2
1189,5,1,7
1190,9,10,2
1191,7,4,5
1192,4,9,1
1193,1,7,4
1194,10,9,4
1195,1,7,6
1196,2,1,8
1197,1,2,3
1198,1,7,4
1199,2,1,4
1200,9,4,10
1201,1,7,2
1202,2,1,8
1203,1,2,8
1204,7,1,4
1205,7,1,4
1206,4,9,1
1207,4,10,1
1208,4,9,10
1209,2,1,4
1210,4,10,9
1211,4,1,5
1212,4,9,8
1213,7,1,4
1214,9,10,1
1215,5,4,3
1216,6,1,5
1217,1,5,3
1218,1,7,8
1219,1,2,4
1220,8,6,1
1221,7,8,1
1222,1,7,2
1223,1,5,2
1224,4,1,8
1225,9,10,4
1226,5,7,1
1227,2,8,1
1228,1,2,8
1229,5,7,1
1230,5,7,4
1231,4,10,1
1232,7,1,4
1233,1,5,2
1234,4,1,8
1235,4,1,5
1236,5,1,3
1237,6,10,1
1238,1,8,5
1239,1,5,6
1240,5,7,3
1241,7,1,5
1242,4,9,10
1243,4,1,5
1244,6,1,4
1245,9,10,4
1246,5,6,3
1247,1,7,5
1248,10,4,9
1249,7,5,1
1250,8,6,10
1251,6,3,1
1252,1,5,4
1253,9,10,1
1254,5,4,1
1255,6,5,3
1256,6,8,1
1257,5,3,1
1258,7,1,2
1259,1,3,4
1260,7,1,4
1261,8,1,7
1262,4,1,5
1263,2,4,8
1264,9,1,7
1265,9,10,4
1266,9,10,8
1267,2,1,8
1268,9,4,1
1269,4,7,1
1270,4,2,1
1271,5,3,4
1272,1,3,4
1273,4,1,2
1274,1,2,7
1275,1,7,3
1276,7,1,8
1277,7,4,1
1278,6,5,1
1279,4,9,10
1280,8,2,1
1281,5,4,1
1282,7,1,4
1283,1,7,2
1284,5,4,1
1285,5,10,3
1286,9,10,4
1287,1,7,4
1288,5,7,3
1289,5,1,7
1290,7,8,1
1291,9,10,8
1292,7,1,2
1293,10,4,9
1294,9,10,2
1295,5,7,4
1296,5,1,3
1297,4,1,5
1298,7,1,5
1299,2,10,8
1300,7,1,4
1301,4,6,1
1302,7,1,4
1303,2,8,1
1304,9,4,8
1305,6,8,1
1306,4,1,9
1307,1,7,2
1308,5,6,1
1309,6,7,5
1310,4,1,2
1311,1,2,10
1312,4,9,2
1313,3,1,6
1314,6,9,8
1315,9,4,1
1316,7,1,5
1317,7,1,5
1318,8,1,6
1319,5,4,3
1320,7,1,3
1321,5,3,10
1322,4,9,10
1323,6,9,1
1324,5,1,7
1325,7,4,1
1326,4,5,7
1327,1,10,4
1328,6,3,8
1329,7,5,3
1330,1,4,2
1331,10,8,1
1332,7,1,8
1333,7,3,4
1334,5,10,4
1335,5,3,6
1336,9,2,4
1337,2,1,8
1338,4,9,1
1339,7,1,3
1340,6,9,1
1341,1,2,5
1342,1,4,7
1343,2,1,4
1344,5,6,7
1345,5,7,3
1346,7,6,3
1347,4,1,5
1348,1,2,5
1349,1,2,7
1350,5,8,10
1351,4,2,1
1352,7,1,2
1353,1,2,8
1354,4,6,1
1355,1,4,9
1356,1,7,2
1357,8,4,9
1358,7,1,3
1359,7,3,5
1360,2,8,1
1361,6,5,3
1362,1,2,5
1363,7,1,4
1364,5,10,1
1365,2,1,4
1366,1,2,8
1367,8,6,7
1368,4,1,2
1369,7,1,6
1370,8,6,10
1371,4,2,1
1372,7,1,5
1373,4,10,5
1374,9,10,6
1375,5,7,1
1376,4,2,8
1377,1,5,10
1378,9,4,10
1379,6,9,4
1380,10,9,4
1381,4,9,10
1382,6,8,3
1383,1,4,8
1384,7,8,1
1385,2,1,4
1386,9,10,4
1387,8,4,2
1388,5,1,3
1389,7,3,1
1390,7,1,8
1391,4,1,6
1392,7,1,5
1393,7,1,3
1394,6,9,4
1395,1,4,2
1396,7,1,3
1397,2,1,4
1398,5,7,1
1399,7,1,4
1400,1,2,4
1401,1,4,7
1402,7,1,5
1403,7,1,4
1404,1,7,2
1405,1,7,4
1406,2,1,4
1407,1,7,3
1408,9,10,2
1409,1,2,4
1410,1,4,3
1411,4,9,10
1412,4,2,1
1413,4,6,1
1414,1,7,4
1415,7,8,1
1416,1,5,3
1417,1,2,3
1418,7,3,5
1419,4,1,8
1420,4,1,5
1421,1,7,2
1422,7,5,1
1423,2,7,1
1424,4,1,2
1425,9,10,8
1426,6,4,1
1427,7,1,5
1428,1,2,4
1429,2,1,4
1430,2,1,8
1431,8,1,2
1432,7,5,6
1433,1,4,2
1434,1,7,2
1435,5,3,10
1436,1,7,6
1437,9,4,8
1438,5,7,4
1439,10,8,1
1440,2,1,8
1441,9,10,4
1442,7,5,4
1443,5,1,3
1444,4,10,9
1445,1,7,2
1446,1,4,2
1447,5,7,3
1448,4,1,8
1449,1,2,8
1450,4,6,1
1451,9,10,4
1452,4,10,5
1453,6,10,9
1454,4,6,8
1455,5,1,2
1456,4,1,5
1457,7,5,1
1458,1,7,8
1459,10,8,9
1460,4,1,6
1461,4,9,1
1462,1,7,8
1463,4,6,10
1464,4,9,10
1465,1,4,9
1466,7,1,6
1467,1,5,3
1468,5,1,4
1469,1,4,6
1470,7,1,2
1471,1,2,3
1472,1,2,4
1473,4,1,2
1474,6,9,10
1475,9,10,8
1476,4,1,8
1477,6,8,9
1478,7,1,5
1479,4,1,7
1480,9,4,8
1481,4,9,10
1482,7,4,1
1483,5,7,4
1484,1,5,4
1485,4,6,1
1486,1,2,5
1487,1,2,4
1488,10,1,2
1489,4,9,1
1490,5,6,3
1491,6,10,8
1492,2,1,8
1493,7,1,5
1494,9,10,8
1495,1,2,8
1496,4,1,2
1497,1,2,8
1498,1,4,10
1499,1,2,3
1500,6,5,8
1501,7,1,3
1502,9,4,10
1503,2,1,8
1504,1,8,7
1505,5,1,7
1506,5,7,4
1507,1,5,10
1508,6,1,7
1509,9,10,4
1510,1,7,4
1511,1,4,7
1512,1,3,4
1513,7,1,3
1514,7,1,4
1515,4,7,1
1516,7,6,2
1517,1,5,4
1518,7,5,1
1519,1,7,2
1520,9,4,1
1521,7,1,3
1522,7,1,3
1523,4,1,5
1524,1,7,2
1525,1,2,4
1526,6,8,10
1527,9,10,4
1528,7,8,6
1529,9,6,10
1530,1,4,3
1531,9,10,6
1532,1,7,5
1533,10,2,1
1534,4,1,5
1535,4,6,1
1536,7,5,4
1537,1,2,4
1538,7,1,2
1539,4,9,10
1540,4,9,10
1541,8,9,2
1542,7,1,5
1543,1,8,2
1544,7,6,8
1545,9,4,2
1546,4,1,7
1547,1,7,3
1548,9,8,10
1549,9,10,4
1550,5,1,2
1551,1,2,3
1552,5,6,1
1553,6,4,5
1554,7,1,4
1555,5,1,4
1556,7,5,1
1557,9,10,4
1558,1,5,4
1559,5,3,7
1560,1,4,7
1561,10,5,2
1562,9,4,10
1563,9,10,4
1564,1,7,8
1565,10,8,1
1566,4,1,6
1567,4,9,2
1568,7,3,1
1569,7,8,6
1570,7,1,4
1571,7,1,2
1572,8,9,4
1573,1,2,10
1574,1,2,3
1575,1,4,5
1576,9,10,4
1577,9,1,2
1578,7,2,1
1579,4,1,2
1580,4,1,8
1581,6,1,2
1582,10,6,8
1583,4,9,10
1584,7,1,3
1585,6,8,5
1586,1,7,8
1587,10,5,1
1588,1,2,8
1589,4,9,10
1590,1,7,5
1591,7,1,5
1592,1,2,5
1593,1,2,4
1594,1,5,7
1595,5,7,4
1596,1,2,3
1597,8,9,4
1598,7,1,5
1599,1,4,2
1600,9,10,4
1601,1,5,4
1602,9,4,10
1603,8,2,1
1604,5,1,6
1605,7,1,8
1606,10,1,4
1607,1,2,3
1608,7,1,2
1609,5,4,3
1610,7,1,4
1611,6,8,10
1612,4,8,1
1613,7,5,1
1614,7,1,6
1615,4,1,5
1616,1,2,5
1617,1,4,7
1618,7,4,5
1619,1,7,2
1620,10,8,9
1621,4,1,2
1622,4,1,9
1623,1,8,2
1624,6,5,3
1625,6,4,8
1626,9,10,8
1627,1,2,4
1628,7,3,1
1629,2,1,8
1630,5,7,4
1631,4,1,2
1632,6,8,10
1633,7,1,5
1634,6,4,1
1635,1,7,5
1636,2,8,1
1637,4,1,7
1638,6,1,4
1639,4,10,3
1640,5,6,4
1641,7,1,4
1642,8,10,6
1643,1,2,3
1644,9,10,4
1645,9,10,8
1646,8,6,10
1647,4,10,6
1648,4,10,1
1649,1,4,7
1650,6,8,1
1651,7,5,1
1652,9,1,10
1653,4,9,1
1654,1,8,2
1655,2,8,1
1656,1,7,5
1657,1,4,7
1658,1,7,3
1659,9,8,10
1660,9,8,10
1661,6,4,2
1662,6,1,3
1663,4,3,5
1664,9,10,8
1665,6,8,9
1666,1,4,2
1667,1,2,10
1668,5,10,1
1669,9,10,8
1670,5,3,4
1671,2,1,4
1672,7,8,1
1673,7,8,2
1674,7,5,1
1675,4,1,7
1676,4,1,9
1677,8,2,1
1678,2,1,4
1679,4,6,1
1680,7,1,5
1681,1,7,2
1682,9,4,1
1683,4,1,3
1684,5,3,4
1685,9,4,10
1686,9,4,3
1687,4,9,1
1688,9,4,10
1689,7,1,2
1690,4,9,1
1691,8,6,10
1692,4,6,1
1693,7,5,4
1694,9,4,1
1695,7,4,3
1696,7,5,8
1697,7,1,5
1698,1,2,4
1699,1,2,4
1700,5,1,4
1701,6,10,9
1702,9,10,4
1703,4,1,5
1704,10,4,5
1705,2,8,1
1706,1,2,3
1707,9,4,1
1708,1,8,2
1709,1,3,5
1710,1,7,5
1711,10,9,1
1712,7,5,1
1713,5,3,6
1714,7,5,4
1715,4,6,1
1716,4,9,10
1717,7,1,3
1718,8,7,1
1719,5,1,3
1720,7,5,1
1721,4,10,1
1722,4,6,3
1723,5,10,9
1724,5,4,10
1725,2,4,1
1726,5,7,4
1727,6,4,8
1728,1,2,4
1729,10,4,1
1730,6,8,1
1731,4,10,8
1732,10,9,2
1733,2,7,1
1734,1,2,7
1735,4,6,1
1736,9,10,4
1737,7,3,1
1738,4,1,5
1739,4,9,10
1740,4,1,5
1741,4,9,1
1742,9,2,8
1743,2,3,4
1744,1,2,7
1745,1,2,6
1746,2,1,6
1747,1,7,2
1748,5,6,3
1749,6,4,8
1750,9,4,10
1751,1,2,3
1752,1,5,3
1753,2,1,8
1754,5,3,1
1755,7,5,4
1756,9,4,10
1757,7,1,8
1758,5,7,3
1759,7,1,5
1760,6,8,7
1761,7,1,4
1762,1,7,3
1763,1,7,2
1764,4,1,2
1765,1,5,7
1766,9,4,10
1767,5,10,3
1768,6,9,10
1769,9,4,10
1770,1,4,3
1771,9,10,8
1772,1,2,3
1773,9,4,10
1774,7,2,1
1775,7,1,4
1776,6,10,4
1777,5,1,4
1778,5,4,1
1779,7,5,4
1780,7,5,6
1781,1,7,2
1782,1,5,4
1783,4,6,7
1784,2,4,8
1785,2,1,4
1786,1,2,4
1787,6,4,1
1788,1,7,4
1789,9,10,4
1790,5,7,1
1791,2,1,8
1792,1,2,3
1793,6,8,10
1794,9,10,6
1795,9,4,10
1796,8,1,2
1797,4,5,1
1798,5,1,10
1799,1,2,8
1800,1,3,4
1801,10,1,8
1802,10,4,5
1803,4,1,9
1804,1,4,2
1805,9,4,1
1806,7,5,1
1807,8,7,1
1808,1,2,4
1809,7,10,1
1810,7,5,3
1811,5,1,3
1812,4,1,2
1813,5,10,8
1814,9,4,8
1815,7,1,5
1816,1,2,7
1817,7,5,1
1818,1,2,7
1819,1,3,4
1820,1,4,2
1821,4,9,1
1822,3,1,2
1823,2,1,4
1824,1,4,5
1825,7,1,3
1826,7,1,5
1827,7,4,3
1828,1,2,3
1829,7,5,1
1830,4,1,7
1831,7,1,2
1832,1,4,3
1833,7,8,2
1834,1,2,9
1835,5,3,4
1836,4,10,1
1837,2,1,10
1838,7,1,3
1839,8,1,6
1840,1,7,2
1841,7,5,3
1842,1,2,3
1843,9,4,10
1844,7,5,3
1845,7,4,1
1846,1,5,4
1847,9,10,8
1848,4,9,10
1849,5,4,7
1850,7,1,3
1851,4,9,10
1852,4,1,7
1853,10,8,5
1854,1,7,5
1855,2,4,1
1856,7,4,3
1857,7,5,3
1858,10,1,8
1859,9,10,4
1860,6,1,5
1861,4,5,1
1862,7,1,2
1863,7,5,1
1864,1,4,2
1865,7,1,6
1866,2,4,1
1867,1,8,2
1868,5,7,1
1869,9,10,2
1870,5,6,1
1871,1,3,4
1872,1,2,4
1873,9,1,5
1874,5,7,4
1875,7,1,5
1876,10,8,1
1877,1,7,8
1878,7,1,2
1879,7,5,3
1880,9,10,6
1881,1,4,7
1882,1,2,4
1883,1,2,4
1884,1,5,7
1885,7,1,4
1886,9,4,10
1887,5,7,1
1888,6,5,3
1889,4,9,1
1890,1,7,5
1891,9,10,8
1892,7,5,1
1893,7,1,3
1894,1,5,2
1895,1,7,2
1896,1,3,5
1897,9,6,10
1898,9,4,10
1899,2,1,4
1900,4,1,2
1901,5,2,1
1902,1,4,10
1903,4,1,2
1904,7,1,3
1905,1,5,4
1906,4,1,2
1907,1,7,5
1908,5,7,4
1909,7,1,2
1910,7,1,3
1911,2,1,4
1912,7,1,4
1913,5,1,4
1914,5,1,4
1915,1,4,7
1916,4,1,2
1917,5,1,10
1918,7,1,2
1919,5,1,2
1920,9,10,4
1921,6,9,2
1922,6,5,10
1923,8,2,1
1924,7,1,8
1925,7,1,3
1926,6,4,8
1927,4,1,2
1928,4,2,1
1929,6,5,3
1930,1,4,5
1931,9,10,4
1932,6,5,1
1933,2,1,8
1934,5,7,1
1935,8,2,1
1936,9,4,1
1937,2,4,9
1938,1,2,4
1939,5,7,10
1940,9,10,4
1941,4,7,1
1942,1,2,10
1943,1,5,6
1944,9,4,1
1945,1,2,4
1946,10,1,3
1947,1,7,2
1948,8,6,1
1949,9,4,6
1950,6,9,4
1951,5,6,3
1952,7,4,5
1953,4,9,1
1954,9,4,10
1955,7,5,3
1956,2,1,8
1957,5,1,4
1958,4,2,1
1959,1,7,2
1960,9,4,1
1961,9,10,4
1962,7,1,4
1963,5,1,3
1964,1,7,5
1965,2,1,4
1966,4,2,1
1967,1,8,10
1968,1,3,4
1969,7,1,8
1970,5,1,4
1971,5,7,4
1972,1,7,8
1973,4,10,1
1974,5,6,7
1975,9,10,1
1976,9,1,10
1977,7,1,2
1978,4,5,6
1979,4,5,1
1980,4,5,3
1981,7,1,3
1982,9,10,1
1983,7,1,2
1984,2,8,1
1985,1,2,7
1986,1,4,9
1987,1,7,3
1988,7,1,4
1989,9,2,1
1990,5,1,4
1991,1,7,2
1992,6,7,8
1993,7,1,2
1994,4,1,7
1995,4,1,2
1996,6,10,4
1997,1,2,4
1998,8,7,1
1999,1,4,7
2000,7,1,3
2001,7,1,3
2002,7,1,4
2003,5,4,3
2004,2,1,8
2005,5,1,2
2006,7,5,6
2007,4,6,1
2008,1,7,2
2009,4,6,1
2010,1,2,4
2011,5,1,3
2012,5,7,1
2013,9,10,8
2014,4,9,10
2015,7,5,1
2016,4,1,3
2017,4,1,2
2018,9,10,4
2019,7,4,1
2020,1,2,4
2021,1,4,7
2022,4,1,6
2023,5,10,2
2024,4,1,5
2025,1,2,4
2026,5,1,4
2027,1,3,2
2028,4,1,6
2029,5,4,3
2030,2,1,4
2031,1,7,5
2032,9,10,2
2033,4,5,1
2034,4,6,1
2035,7,5,1
2036,1,2,4
2037,7,3,1
2038,10,9,4
2039,4,1,3
2040,4,1,5
2041,1,4,5
2042,6,5,7
2043,1,7,2
2044,4,1,5
2045,9,10,4
2046,4,2,3
2047,9,10,4
2048,10,5,7
2049,9,1,10
2050,1,2,4
2051,5,7,6
2052,5,10,6
2053,7,1,3
2054,9,10,1
2055,1,4,2
2056,9,10,6
2057,4,1,3
2058,4,2,9
2059,5,7,1
2060,6,4,1
2061,3,10,1
2062,4,1,7
2063,4,6,1
2064,6,4,8
2065,4,1,2
2066,5,6,1
2067,5,7,6
2068,9,10,1
2069,1,4,2
2070,7,5,1
2071,1,6,2
2072,7,1,8
2073,2,4,1
2074,5,1,3
2075,7,1,4
2076,5,1,4
2077,1,4,2
2078,4,1,5
2079,10,1,9
2080,5,7,4
2081,2,1,3
2082,5,3,4
2083,5,1,7
2084,1,2,8
2085,1,4,5
2086,1,7,3
2087,6,10,8
2088,6,4,7
2089,7,1,4
2090,4,9,10
2091,7,8,10
2092,1,4,5
2093,6,4,10
2094,9,4,10
2095,4,1,10
2096,10,1,4
2097,7,4,5
2098,1,2,7
2099,9,2,4
2100,1,2,3
2101,2,4,1
2102,7,1,3
2103,4,1,2
2104,4,9,2
2105,5,10,1
2106,6,10,9
2107,5,1,2
2108,7,5,1
2109,6,7,5
2110,1,2,5
2111,5,7,3
2112,4,1,10
2113,7,1,5
2114,4,1,8
2115,1,7,5
2116,6,3,1
2117,4,1,2
2118,9,4,10
2119,8,10,2
2120,7,3,1
2121,5,7,6
2122,10,8,9
2123,6,1,3
2124,9,10,2
2125,9,10,4
2126,4,1,6
2127,1,2,4
2128,7,1,6
2129,1,7,4
2130,1,5,4
2131,2,1,4
2132,4,5,1
2133,9,4,10
2134,5,3,4
2135,1,7,8
2136,9,10,8
2137,8,9,10
2138,1,4,6
2139,4,1,10
2140,1,2,4
2141,7,1,4
2142,7,1,5
2143,7,1,3
2144,6,9,4
2145,9,4,10
2146,7,1,4
2147,10,4,8
2148,5,4,10
2149,1,4,7
2150,6,1,5
2151,7,8,1
2152,1,7,2
2153,9,8,2
2154,4,9,10
2155,8,2,9
2156,4,1,9
2157,9,8,10
2158,5,3,1
2159,5,1,6
2160,10,9,2
2161,8,7,1
2162,5,6,7
2163,2,1,4
2164,1,4,2
2165,1,2,4
2166,2,8,1
2167,5,4,7
2168,6,1,10
2169,10,9,4
2170,2,1,4
2171,1,4,10
2172,6,1,8
2173,1,4,10
2174,7,1,3
2175,5,3,4
2176,5,4,7
2177,1,4,2
2178,1,4,7
2179,7,5,3
2180,4,6,1
2181,8,6,1
2182,4,9,1
2183,5,3,1
2184,5,6,10
2185,4,8,2
2186,5,1,10
2187,1,7,2
2188,1,4,5
2189,1,8,2
2190,1,7,2
2191,9,1,10
2192,5,7,1
2193,9,4,10
2194,4,7,5
2195,2,1,4
2196,1,5,4
2197,4,1,2
2198,7,1,2
2199,1,4,2
2200,4,6,9
2201,5,4,1
2202,1,9,2
2203,4,1,7
2204,4,5,6
2205,7,5,1
2206,4,5,1
2207,7,1,5
2208,4,10,1
2209,4,3,1
2210,9,10,8
2211,8,2,10
2212,5,1,3
2213,7,1,5
2214,1,5,7
2215,6,4,8
2216,7,1,2
2217,1,7,3
2218,1,4,7
2219,6,1,8
2220,4,9,1
2221,5,7,1
2222,5,2,7
2223,4,1,5
2224,6,4,7
2225,5,1,3
2226,2,1,8
2227,9,10,4
2228,4,1,10
2229,4,1,9
2230,1,4,3
2231,7,4,1
2232,4,1,2
2233,5,1,10
2234,8,6,7
2235,8,1,7
2236,6,8,10
2237,9,10,8
2238,9,4,10
2239,6,3,1
2240,4,6,5
2241,5,7,1
2242,4,2,10
2243,6,8,3
2244,1,2,4
2245,10,4,1
2246,9,2,4
2247,1,8,2
2248,1,8,2
2249,1,7,8
2250,1,2,8
2251,4,6,1
2252,1,4,3
2253,1,7,2
2254,1,7,3
2255,7,6,1
2256,10,1,2
2257,9,10,3
2258,4,6,8
2259,5,7,1
2260,4,9,1
2261,5,1,2
2262,6,1,10
2263,8,7,1
2264,5,1,3
2265,4,1,5
2266,4,10,5
2267,10,9,2
2268,5,4,1
2269,1,7,5
2270,4,10,1
2271,1,2,9
2272,9,1,7
2273,7,1,4
2274,9,10,4
2275,4,10,1
2276,1,4,5
2277,7,1,2
2278,2,1,4
2279,1,7,2
2280,7,8,6
2281,1,7,2
2282,9,10,4
2283,2,1,8
2284,1,2,4
2285,5,4,1
2286,7,3,5
2287,9,4,10
2288,5,3,1
2289,1,2,4
2290,9,8,10
2291,9,6,8
2292,2,1,8
2293,9,10,4
2294,6,5,3
2295,1,4,5
2296,4,6,1
2297,7,1,2
2298,5,1,4
2299,1,9,4
2300,6,10,1
2301,4,9,2
2302,4,1,6
2303,1,5,6
2304,5,7,1
2305,2,1,3
2306,1,4,10
2307,9,4,10
2308,6,1,10
2309,7,1,8
2310,4,6,1
2311,6,8,1
2312,7,1,2
2313,4,6,5
2314,10,1,9
2315,1,7,3
2316,9,8,4
2317,1,5,4
2318,7,5,4
2319,1,2,5
2320,7,5,4
2321,6,5,4
2322,1,4,5
2323,4,1,7
2324,4,1,3
2325,9,10,4
2326,1,2,7
2327,4,1,6
2328,5,3,7
2329,5,7,1
2330,4,9,1
2331,1,4,10
2332,5,7,3
2333,5,10,8
2334,7,4,5
2335,10,2,4
2336,2,1,9
2337,7,1,3
2338,4,1,10
2339,1,2,5
2340,1,2,8
2341,10,1,4
2342,5,4,1
2343,5,6,3
2344,10,9,1
2345,5,1,4
2346,6,4,8
2347,1,7,4
2348,4,5,1
2349,5,4,2
2350,5,3,6
2351,5,7,3
2352,7,5,4
2353,9,10,4
2354,9,4,1
2355,1,2,4
2356,4,6,5
2357,5,1,3
2358,1,2,8
2359,4,1,5
2360,7,1,3
2361,5,7,1
2362,7,5,1
2363,7,5,3
2364,9,4,10
2365,9,8,4
2366,4,9,1
2367,7,1,4
2368,4,5,3
2369,1,5,3
2370,9,8,4
2371,5,1,3
2372,1,2,10
2373,4,5,1
2374,6,10,4
2375,6,3,7
2376,5,1,2
2377,4,1,9
2378,1,7,2
2379,1,3,2
2380,5,7,1
2381,7,1,4
2382,2,10,8
2383,8,6,10
2384,9,10,4
2385,4,5,1
2386,7,1,2
2387,8,2,1
2388,4,5,3
2389,5,4,1
2390,4,5,3
2391,9,10,4
2392,7,5,3
2393,4,9,1
2394,9,10,8
2395,7,1,3
2396,10,1,2
2397,6,5,3
2398,4,1,6
2399,1,7,2
2400,6,5,3
2401,9,10,8
2402,6,8,10
2403,6,10,8
2404,9,4,1
2405,7,1,3
2406,3,10,2
2407,5,4,1
2408,6,8,10
2409,1,4,2
2410,7,5,4
2411,6,4,5
2412,2,1,4
2413,4,1,7
2414,9,4,10
2415,4,6,1
2416,4,1,2
2417,4,5,6
2418,1,2,8
2419,1,2,4
2420,9,10,4
2421,4,10,9
2422,5,1,4
2423,4,6,10
2424,8,10,6
2425,1,7,10
2426,2,8,1
2427,4,9,1
2428,1,4,10
2429,1,3,4
2430,7,1,5
2431,1,3,4
2432,4,2,10
2433,10,9,1
2434,6,1,4
2435,1,4,7
2436,4,6,10
2437,1,4,7
2438,4,1,6
2439,1,2,8
2440,1,2,3
2441,5,3,1
2442,10,9,2
2443,5,10,3
2444,6,9,4
2445,6,8,5
2446,6,1,2
2447,1,5,4
2448,1,2,8
2449,2,1,3
2450,7,1,3
2451,7,1,3
2452,7,1,4
2453,9,4,10
2454,1,5,2
2455,5,7,4
2456,1,4,8
2457,2,8,1
2458,4,9,1
2459,1,7,2
2460,1,2,7
2461,2,1,8
2462,5,1,6
2463,2,1,4
2464,2,10,1
2465,9,10,1
2466,7,1,2
2467,9,2,10
2468,1,2,3
2469,6,8,10
2470,4,1,2
2471,1,7,8
2472,1,4,2
2473,7,1,8
2474,9,4,10
2475,7,5,3
2476,7,1,3
2477,10,4,8
2478,9,4,10
2479,1,4,2
2480,9,1,4
2481,9,8,1
2482,9,10,4
2483,1,10,2
2484,5,4,7
2485,1,7,2
2486,4,10,5
2487,4,1,5
2488,9,10,8
2489,1,7,4
2490,7,8,10
2491,5,7,3
2492,7,5,1
2493,9,10,4
2494,6,5,3
2495,7,5,3
2496,10,9,8
2497,1,2,4
2498,1,7,8
2499,1,8,2
2500,1,2,4
2501,1,2,10
2502,1,4,7
2503,2,1,4
2504,6,5,1
2505,4,2,1
2506,5,3,1
2507,4,1,5
2508,6,5,8
2509,1,4,3
2510,7,1,6
2511,4,6,1
2512,5,1,7
2513,2,1,8
2514,1,7,2
2515,1,7,4
2516,2,1,9
2517,9,4,10
2518,1,5,8
2519,7,1,3
2520,1,2,4
2521,5,6,3
2522,7,1,4
2523,7,1,2
2524,1,7,2
2525,9,4,1
2526,2,8,1
2527,7,1,8
2528,8,2,10
2529,1,4,3
2530,5,7,6
2531,5,7,1
2532,1,10,4
2533,1,3,5
2534,7,3,4
2535,1,4,5
2536,5,6,3
2537,1,2,7
2538,4,1,5
2539,8,1,2
2540,7,1,8
2541,1,7,2
2542,1,2,3
2543,1,4,2
2544,4,7,1
2545,1,5,6
2546,4,5,1
2547,1,4,2
2548,4,9,3
2549,8,6,1
2550,1,4,3
2551,4,1,10
2552,1,2,7
2553,1,2,4
2554,4,6,10
2555,7,5,1
2556,2,8,6
2557,6,10,1
2558,7,4,5
2559,5,4,7
2560,5,3,1
2561,6,10,9
2562,6,8,9
2563,1,2,3
2564,4,9,10
2565,8,2,10
2566,7,5,3
2567,7,1,3
2568,8,6,10
2569,6,7,3
2570,4,5,1
2571,5,1,2
2572,9,4,1
2573,7,6,5
2574,7,1,5
2575,4,6,1
2576,2,1,4
2577,2,1,8
2578,1,2,3
2579,1,4,5
2580,2,1,4
2581,4,7,5
2582,1,4,2
2583,5,1,4
2584,2,1,3
2585,1,2,4
2586,1,7,2
2587,4,1,8
2588,1,3,4
2589,7,1,3
2590,2,1,3
2591,9,10,8
2592,9,4,1
2593,4,6,1
2594,1,4,2
2595,5,6,1
2596,7,5,1
2597,7,4,5
2598,4,5,7
2599,1,2,8
2600,7,8,1
2601,8,1,9
2602,5,4,1
2603,7,1,6
2604,2,1,4
2605,10,1,8
2606,6,7,1
2607,1,4,2
2608,4,1,6
2609,7,1,3
2610,4,1,9
2611,7,1,2
2612,9,1,4
2613,4,1,2
2614,9,4,10
2615,5,1,7
2616,1,5,4
2617,5,2,1
2618,5,1,4
2619,1,7,5
2620,7,5,2
2621,2,4,5
2622,7,1,5
2623,1,5,3
2624,1,5,7
2625,5,7,4
2626,4,1,10
2627,1,2,4
2628,4,1,2
2629,5,3,7
2630,6,8,4
2631,1,2,7
2632,5,7,1
2633,8,9,10
2634,7,1,3
2635,1,10,8
2636,9,4,1
2637,1,2,4
2638,6,7,1
2639,7,1,8
2640,4,9,1
2641,1,7,4
2642,8,1,7
2643,1,2,4
2644,5,7,3
2645,7,5,1
2646,7,1,2
2647,4,5,3
2648,1,2,8
2649,7,3,1
2650,1,2,5
2651,7,1,4
2652,5,1,7
2653,6,5,8
2654,7,1,3
2655,7,1,8
2656,4,1,9
2657,2,1,8
2658,5,4,7
2659,1,5,4
2660,1,5,2
2661,1,5,7
2662,7,3,4
2663,4,1,2
2664,5,7,1
2665,4,9,2
2666,9,1,10
2667,1,4,2
2668,7,4,1
2669,4,1,9
2670,4,10,1
2671,1,7,4
2672,1,4,2
2673,4,2,1
2674,7,1,5
2675,1,5,10
2676,1,7,2
2677,7,1,3
2678,1,7,4
2679,4,1,9
2680,1,5,4
2681,5,7,3
2682,8,6,10
2683,10,1,2
2684,4,9,1
2685,1,2,4
2686,7,1,4
2687,5,1,2
2688,1,3,2
2689,9,10,4
2690,9,1,10
2691,1,4,5
2692,6,10,4
2693,4,9,10
2694,4,1,5
2695,4,2,1
2696,2,8,10
2697,4,10,9
2698,1,2,4
2699,5,7,4
2700,1,4,5
2701,9,10,4
2702,4,9,1
2703,2,9,1
2704,9,10,4
2705,7,5,1
2706,5,7,3
2707,2,1,3
2708,9,3,1
2709,1,4,7
2710,4,2,1
2711,8,10,4
2712,5,1,3
2713,8,6,1
2714,5,1,2
2715,7,1,2
2716,1,7,3
2717,9,4,10
2718,2,4,1
2719,1,7,6
2720,1,5,7
2721,7,1,5
2722,7,5,2
2723,1,5,4
2724,10,1,6
2725,5,4,3
2726,4,1,2
2727,7,5,1
2728,1,7,2
2729,4,9,1
2730,6,4,1
2731,7,10,1
2732,9,4,10
2733,7,5,1
2734,1,2,4
2735,4,1,2
2736,1,2,4
2737,2,1,4
2738,5,3,10
2739,1,7,2
2740,7,1,3
2741,7,5,1
2742,9,10,4
2743,5,4,3
2744,9,4,1
2745,4,2,1
2746,8,2,1
2747,1,2,3
2748,4,9,10
2749,6,1,5
2750,6,4,1
2751,4,1,6
2752,4,7,5
2753,6,7,1
2754,4,9,8
2755,9,8,10
2756,1,2,3
2757,7,1,5
2758,4,1,5
2759,4,1,6
2760,4,8,2
2761,1,4,6
2762,4,9,10
2763,10,9,1
2764,6,4,1
2765,1,2,5
2766,5,6,3
2767,6,1,10
2768,7,1,4
2769,2,1,8
2770,4,1,2
2771,6,4,1
2772,2,1,4
2773,9,8,10
2774,2,1,4
2775,4,7,3
2776,9,4,10
2777,1,7,3
2778,5,7,4
2779,9,10,8
2780,9,10,4
2781,1,4,8
2782,9,10,4
2783,7,1,5
2784,2,1,3
2785,5,3,1
2786,1,6,5
2787,4,1,2
2788,6,8,1
2789,8,1,2
2790,7,4,2
2791,2,1,5
2792,9,10,4
2793,7,3,5
2794,5,4,1
2795,9,6,10
2796,5,3,7
2797,4,1,10
2798,4,5,1
2799,7,6,1
2800,7,1,2
2801,7,1,5
2802,4,10,1
2803,6,4,1
2804,4,1,9
2805,1,4,5
2806,9,4,1
2807,9,10,1
2808,4,5,7
2809,4,5,3
2810,4,1,5
2811,1,2,7
2812,5,4,3
2813,1,2,4
2814,9,4,8
2815,10,2,9
2816,8,2,6
2817,10,4,8
2818,5,1,4
2819,4,3,1
2820,9,10,2
2821,4,9,10
2822,5,7,3
2823,9,2,10
2824,4,10,9
2825,5,7,3
2826,4,10,1
2827,9,10,4
2828,4,1,2
2829,1,4,2
2830,7,5,6
2831,7,5,1
2832,4,9,1
2833,7,1,2
2834,1,4,7
2835,7,5,3
2836,1,3,7
2837,4,5,3
2838,7,1,3
2839,7,3,5
2840,4,5,1
2841,1,4,2
2842,7,1,6
2843,10,5,8
2844,7,1,4
2845,7,5,3
2846,7,1,2
2847,1,4,2
2848,4,1,9
2849,4,9,10
2850,4,1,9
2851,4,1,5
2852,6,4,9
2853,7,1,3
2854,3,7,1
2855,5,3,6
2856,9,10,8
2857,4,1,10
2858,4,1,7
2859,4,1,9
2860,10,9,1
2861,2,1,8
2862,4,9,1
2863,7,5,1
2864,4,6,1
2865,2,4,1
2866,9,4,1
2867,1,5,2
2868,1,2,4
2869,1,2,5
2870,5,4,1
2871,5,4,9
2872,4,1,6
2873,1,4,2
2874,2,1,8
2875,9,10,6
2876,10,9,1
2877,1,4,5
2878,4,1,2
2879,2,1,4
2880,7,4,1
2881,8,6,1
2882,4,1,2
2883,2,1,4
2884,5,1,4
2885,4,1,3
2886,1,7,2
2887,4,5,3
2888,9,4,10
2889,7,5,1
2890,1,7,4
2891,4,1,9
2892,1,7,2
2893,9,10,1
2894,2,1,3
2895,1,7,4
2896,6,10,8
2897,6,5,1
2898,5,10,1
2899,7,5,1
2900,7,5,1
2901,8,6,3
2902,4,10,1
2903,5,7,3
2904,7,1,3
2905,4,9,1
2906,7,6,1
2907,9,1,4
2908,5,7,3
2909,4,5,1
2910,1,3,2
2911,2,4,1
2912,7,5,3
2913,5,4,6
2914,5,1,2
2915,4,9,10
2916,7,1,2
2917,1,2,8
2918,4,10,5
2919,4,1,2
2920,9,10,4
2921,4,1,8
2922,6,8,9
2923,4,1,6
2924,5,7,1
2925,4,10,1
2926,4,5,7
2927,1,2,4
2928,1,7,4
2929,9,4,10
2930,5,7,1
2931,1,3,7
2932,7,1,3
2933,5,3,1
2934,9,4,10
2935,7,1,5
2936,6,10,8
2937,5,7,1
2938,7,1,3
2939,10,9,8
2940,7,5,1
2941,1,4,9
2942,6,5,4
2943,5,4,1
2944,2,1,3
2945,9,4,10
2946,5,7,4
2947,5,3,4
2948,7,8,1
2949,4,9,1
2950,1,2,10
2951,9,4,1
2952,1,7,2
2953,1,8,10
2954,4,3,1
2955,5,7,4
2956,6,7,5
2957,2,1,8
2958,2,1,3
2959,1,4,3
2960,2,4,1
2961,2,1,8
2962,1,2,7
2963,1,4,5
2964,4,10,1
2965,9,4,10
2966,6,1,5
2967,7,1,3
2968,7,1,2
2969,4,1,9
2970,5,3,4
2971,2,1,3
2972,1,2,4
2973,8,7,5
2974,4,2,1
2975,2,1,3
2976,7,1,3
2977,7,1,5
2978,9,4,1
2979,1,2,3
2980,10,4,8
2981,6,1,7
2982,4,5,1
2983,7,1,5
2984,4,10,9
2985,1,2,4
2986,2,4,1
2987,9,10,4
2988,5,6,3
2989,6,4,2
2990,4,1,6
2991,7,1,5
2992,5,4,3
2993,4,1,9
2994,6,1,8
2995,9,10,4
2996,7,5,3
2997,9,10,4
2998,2,1,8
2999,4,1,2
3000,1,4,5
3001,7,4,1
3002,4,9,1
3003,1,7,2
3004,7,1,2
3005,5,4,1
3006,1,7,4
3007,1,3,2
3008,9,4,1
3009,9,10,2
3010,7,4,5
3011,4,10,6
3012,1,7,5
3013,5,7,1
3014,6,7,1
3015,4,6,1
3016,5,1,7
3017,7,5,1
3018,1,4,5
3019,4,1,2
3020,7,1,3
3021,4,10,1
3022,8,2,1
3023,1,2,7
3024,4,6,10
3025,4,9,10
3026,1,2,5
3027,4,6,10
3028,2,1,4
3029,2,1,4
3030,1,4,2
3031,4,9,10
3032,10,4,2
3033,1,7,2
3034,4,1,2
3035,9,10,8
3036,7,1,8
3037,9,2,6
3038,4,9,8
3039,4,1,3
3040,4,2,3
3041,7,1,5
3042,10,8,1
3043,1,2,4
3044,4,9,1
3045,4,9,1
3046,5,6,3
3047,5,4,7
3048,4,9,1
3049,1,2,10
3050,5,7,1
3051,5,4,6
3052,1,3,4
3053,5,1,4
3054,1,2,4
3055,1,2,4
3056,4,9,1
3057,8,2,10
3058,1,7,4
3059,2,10,4
3060,1,7,4
3061,7,4,1
3062,4,6,1
3063,6,5,1
3064,6,3,5
3065,9,4,10
3066,1,7,2
3067,7,1,5
3068,2,8,1
3069,9,10,4
3070,4,8,9
3071,7,5,3
3072,6,10,1
3073,2,1,8
3074,9,8,10
3075,7,1,2
3076,1,4,2
3077,4,3,2
3078,5,10,6
3079,7,6,2
3080,5,1,3
3081,1,6,2
3082,4,3,5
3083,4,1,9
3084,1,7,2
3085,9,4,10
3086,7,5,1
3087,1,5,2
3088,6,7,5
3089,1,7,2
3090,4,9,1
3091,5,2,1
3092,7,5,4
3093,4,1,5
3094,1,7,6
3095,5,4,1
3096,5,1,3
3097,9,4,10
3098,1,4,2
3099,1,5,7
3100,1,7,4
3101,9,10,2
3102,4,1,5
3103,9,4,1
3104,4,2,1
3105,9,4,10
3106,2,1,10
3107,1,2,3
3108,4,7,5
3109,1,7,2
3110,9,10,4
3111,4,9,8
3112,2,1,3
3113,1,5,2
3114,4,1,6
3115,9,6,1
3116,5,1,3
3117,1,4,2
3118,7,4,1
3119,7,1,8
3120,9,10,4
3121,1,6,2
3122,5,7,4
3123,1,6,2
3124,7,5,3
3125,8,10,1
3126,7,3,6
3127,4,6,1
3128,1,2,4
3129,1,7,2
3130,9,10,1
3131,3,4,1
3132,10,9,4
3133,1,4,2
3134,7,6,1
3135,4,7,1
3136,7,1,5
3137,2,1,4
3138,1,7,8
3139,1,2,4
3140,4,9,10
3141,1,9,2
3142,7,1,8
3143,9,6,4
3144,4,9,10
3145,7,2,1
3146,7,1,2
3147,4,1,3
3148,7,3,1
3149,4,9,1
3150,1,2,4
3151,2,1,8
3152,9,1,8
3153,2,1,8
3154,4,7,5
3155,7,5,1
3156,10,5,4
3157,5,4,10
3158,7,1,3
3159,7,1,4
3160,9,4,1
3161,1,7,4
3162,9,4,1
3163,6,5,1
3164,1,7,3
3165,7,1,3
3166,5,3,1
3167,4,5,1
3168,5,7,1
3169,9,10,8
3170,1,3,6
3171,5,4,1
3172,9,4,10
3173,8,1,2
3174,5,7,1
3175,4,1,7
3176,9,10,4
3177,9,10,4
3178,1,9,10
3179,4,9,1
3180,5,4,7
3181,9,4,10
3182,2,4,1
3183,5,1,3
3184,7,1,2
3185,2,8,9
3186,7,4,1
3187,6,1,10
3188,6,10,8
3189,4,9,6
3190,4,2,1
3191,2,1,4
3192,4,9,1
3193,1,2,4
3194,2,1,8
3195,1,7,2
3196,9,10,1
3197,1,4,2
3198,4,2,9
3199,9,8,10
3200,6,1,4
3201,8,6,9
3202,5,10,1
3203,4,1,3
3204,1,2,8
3205,5,6,4
3206,3,7,5
3207,2,4,1
3208,8,2,1
3209,9,10,8
3210,4,1,3
3211,9,4,10
3212,7,1,2
3213,4,2,1
3214,6,1,4
3215,7,5,1
3216,1,9,10
3217,4,1,2
3218,4,6,3
3219,1,2,7
3220,7,5,1
3221,5,1,7
3222,1,2,7
3223,4,7,1
3224,5,1,7
3225,2,1,9
3226,5,7,3
3227,1,4,3
3228,2,1,4
3229,4,1,7
3230,5,6,10
3231,9,4,10
3232,1,2,4
3233,7,1,5
3234,4,1,9
3235,5,4,6
3236,7,1,4
3237,4,1,7
3238,10,3,4
3239,2,1,8
3240,8,10,1
3241,1,7,2
3242,7,1,2
3243,4,1,8
3244,4,1,9
3245,10,5,3
3246,4,5,1
3247,4,9,1
3248,1,7,2
3249,5,10,1
3250,6,1,7
3251,5,6,3
3252,5,7,1
3253,4,1,6
3254,1,4,7
3255,7,1,3
3256,4,9,10
3257,7,1,3
3258,10,4,9
3259,7,1,4
3260,7,1,3
3261,2,1,4
3262,4,8,1
3263,7,5,1
3264,5,7,4
3265,1,3,2
3266,9,4,10
3267,4,1,9
3268,9,4,2
3269,2,1,4
3270,2,1,3
3271,9,10,8
3272,9,10,2
3273,7,5,3
3274,4,9,10
3275,4,1,7
3276,7,1,2
3277,9,10,4
3278,10,2,1
3279,1,2,8
3280,2,1,4
3281,5,4,8
3282,7,4,1
3283,1,9,8
3284,1,3,7
3285,9,1,2
3286,7,1,3
3287,7,3,10
3288,6,10,4
3289,7,1,2
3290,2,9,1
3291,8,1,2
3292,1,4,7
3293,9,8,2
3294,1,2,4
3295,4,9,1
3296,4,9,1
3297,4,1,3
3298,6,9,2
3299,9,4,1
3300,7,1,3
3301,1,4,7
3302,4,1,9
3303,4,1,2
3304,6,7,1
3305,5,7,1
3306,1,10,2
3307,2,1,8
3308,6,4,10
3309,2,1,8
3310,2,1,4
3311,10,2,1
3312,4,1,8
3313,4,10,5
3314,4,5,10
3315,1,2,4
3316,2,10,1
3317,8,1,2
3318,2,1,10
3319,4,1,2
3320,1,5,3
3321,6,8,9
3322,8,7,6
3323,8,2,4
3324,4,1,9
3325,9,10,4
3326,1,2,8
3327,6,5,10
3328,4,10,1
3329,4,6,10
3330,7,5,1
3331,1,8,10
3332,4,6,1
3333,5,1,7
3334,9,10,4
3335,4,1,9
3336,1,7,4
3337,1,9,4
3338,8,2,1
3339,7,6,5
3340,5,3,7
3341,9,10,8
3342,9,10,8
3343,9,10,1
3344,1,7,4
3345,7,1,5
3346,2,1,8
3347,4,5,6
3348,2,8,1
3349,9,10,4
3350,7,1,3
3351,2,1,4
3352,5,6,4
3353,4,1,10
3354,7,5,4
3355,9,4,10
3356,1,2,4
3357,7,5,1
3358,4,9,1
3359,7,5,1
3360,4,2,1
3361,4,2,3
3362,2,1,4
3363,7,1,8
3364,7,3,1
3365,2,1,4
3366,5,8,1
3367,1,2,3
3368,1,2,4
3369,4,7,1
3370,1,2,4
3371,1,7,2
3372,7,1,5
3373,7,1,3
3374,2,8,1
3375,9,10,4
3376,6,7,3
3377,9,8,4
3378,7,1,8
3379,6,5,3
3380,10,4,9
3381,7,1,5
3382,6,5,3
3383,4,3,7
3384,7,1,5
3385,9,10,4
3386,5,4,1
3387,6,8,7
3388,1,2,8
3389,7,6,1
3390,9,8,4
3391,1,7,2
3392,1,2,8
3393,4,1,10
3394,10,2,9
3395,7,5,4
3396,4,10,1
3397,7,5,1
3398,7,1,3
3399,2,1,4
3400,9,4,10
3401,2,1,4
3402,8,6,1
3403,4,1,7
3404,7,1,4
3405,9,10,8
3406,1,2,7
3407,7,1,3
3408,2,4,1
3409,1,2,3
3410,5,4,7
3411,1,4,7
3412,1,7,8
3413,9,10,4
3414,1,2,8
3415,6,8,10
3416,7,5,1
3417,1,5,2
3418,9,4,10
3419,5,7,4
3420,7,5,3
3421,4,9,1
3422,8,1,7
3423,7,1,5
3424,4,2,1
3425,9,4,8
3426,1,2,5
3427,9,1,4
3428,6,5,1
3429,2,10,1
3430,5,3,7
3431,9,4,10
3432,1,7,4
3433,7,1,3
3434,9,2,4
3435,4,1,2
3436,7,1,3
3437,7,5,3
3438,4,1,6
3439,5,1,3
3440,8,7,10
3441,7,8,6
3442,7,3,6
3443,1,7,2
3444,7,1,6
3445,2,4,3
3446,4,5,3
3447,7,8,1
3448,7,6,1
3449,4,1,2
3450,1,5,2
3451,6,8,3
3452,4,9,1
3453,4,1,6
3454,9,10,4
3455,4,5,7
3456,9,10,4
3457,4,9,1
3458,1,4,2
3459,10,4,1
3460,4,5,10
3461,2,1,4
3462,1,7,2
3463,4,9,1
3464,4,1,9
3465,5,7,3
3466,9,10,8
3467,7,1,2
3468,7,4,3
3469,7,1,5
3470,7,4,5
3471,9,10,8
3472,9,10,8
3473,7,4,5
3474,5,7,1
3475,1,4,2
3476,1,7,3
3477,7,1,3
3478,1,5,7
3479,8,5,1
3480,1,2,4
3481,4,1,10
3482,1,9,3
3483,7,1,5
3484,7,1,2
3485,4,1,2
3486,5,7,4
3487,5,7,4
3488,7,1,2
3489,5,10,1
3490,1,3,4
3491,5,7,4
3492,4,9,1
3493,1,2,4
3494,9,4,10
3495,4,9,1
3496,1,7,3
3497,8,1,2
3498,7,2,5
3499,7,1,2
3500,1,2,4
3501,7,5,1
3502,1,2,4
3503,4,2,1
3504,4,10,6
3505,7,1,3
3506,9,10,1
3507,1,4,2
3508,6,4,1
3509,9,10,2
3510,10,9,6
3511,10,1,4
3512,9,10,1
3513,9,10,4
3514,10,4,1
3515,9,10,4
3516,6,1,2
3517,4,1,10
3518,9,10,3
3519,9,4,1
3520,2,1,8
3521,1,4,2
3522,7,1,4
3523,5,4,1
3524,2,1,9
3525,9,4,10
3526,7,5,4
3527,4,9,8
3528,1,5,7
3529,7,4,1
3530,7,1,5
3531,4,1,6
3532,7,1,3
3533,9,10,1
3534,5,6,1
3535,2,10,1
3536,1,8,2
3537,1,2,4
3538,7,6,1
3539,2,1,4
3540,4,1,7
3541,9,2,1
3542,4,1,9
3543,1,2,4
3544,6,8,4
3545,4,7,6
3546,5,7,4
3547,9,10,8
3548,4,1,8
3549,8,2,1
3550,6,1,5
3551,1,5,2
3552,10,9,1
3553,1,4,3
3554,9,10,8
3555,1,2,4
3556,4,5,6
3557,7,5,4
3558,1,7,5
3559,2,1,8
3560,9,10,4
3561,6,10,9
3562,2,1,9
3563,2,1,8
3564,1,2,7
3565,4,6,1
3566,4,5,6
3567,4,6,1
3568,9,10,4
3569,4,6,10
3570,2,1,8
3571,2,8,1
3572,5,10,3
3573,1,7,5
3574,1,2,4
3575,1,7,4
3576,5,1,2
3577,6,5,1
3578,5,4,6
3579,1,2,10
3580,7,5,4
3581,6,9,2
3582,7,4,5
3583,1,4,2
3584,9,10,8
3585,6,10,9
3586,7,5,3
3587,9,10,8
3588,5,1,3
3589,4,10,8
3590,1,2,4
3591,4,6,1
3592,9,10,4
3593,1,7,5
3594,6,8,1
3595,1,7,5
3596,6,4,1
3597,5,7,4
3598,7,5,1
3599,5,4,1
3600,8,4,1
3601,10,8,9
3602,7,1,4
3603,4,1,9
3604,4,9,6
3605,1,4,2
3606,9,2,10
3607,4,1,2
3608,5,4,3
3609,5,2,1
3610,4,6,1
3611,7,5,6
3612,5,6,10
3613,8,4,1
3614,7,5,1
3615,6,10,5
3616,5,1,4
3617,5,1,3
3618,9,6,10
3619,9,4,3
3620,1,2,8
3621,5,4,1
3622,9,10,4
3623,9,10,4
3624,7,4,5
3625,8,6,3
3626,4,1,5
3627,1,5,10
3628,4,1,9
3629,1,7,2
3630,8,9,2
3631,7,1,4
3632,4,9,1
3633,9,10,8
3634,4,8,1
3635,4,7,1
3636,7,1,5
3637,10,8,6
3638,1,7,2
3639,4,1,10
3640,9,10,8
3641,4,1,10
3642,2,1,4
3643,5,7,4
3644,1,5,4
3645,4,1,9
3646,4,1,3
3647,4,5,10
3648,8,7,1
3649,1,2,8
3650,8,1,2
3651,9,4,8
3652,6,4,7
3653,6,5,10
3654,9,10,4
3655,2,8,1
3656,4,1,8
3657,7,5,4
3658,9,1,10
3659,4,10,1
3660,9,10,8
3661,7,8,6
3662,4,9,10
3663,1,8,2
3664,5,4,7
3665,1,4,5
3666,6,4,10
3667,10,2,8
3668,2,4,1
3669,7,5,3
3670,5,6,3
3671,8,6,2
3672,7,1,4
3673,9,8,10
3674,7,1,2
3675,4,1,2
3676,5,7,1
3677,7,1,5
3678,7,1,3
3679,1,3,2
3680,1,4,7
3681,2,1,4
3682,4,9,1
3683,5,1,7
3684,1,7,2
3685,5,7,4
3686,4,6,1
3687,2,1,4
3688,6,8,10
3689,7,8,1
3690,8,6,1
3691,7,1,4
3692,7,8,1
3693,4,1,2
3694,4,9,1
3695,4,6,1
3696,4,1,9
3697,1,7,2
3698,7,1,4
3699,1,4,2
3700,1,7,2
3701,4,3,1
3702,9,4,1
3703,4,9,6
3704,1,2,4
3705,2,8,1
3706,4,9,10
3707,1,4,3
3708,1,7,2
3709,4,7,2
3710,5,1,4
3711,7,4,1
3712,7,1,2
3713,8,6,7
3714,2,1,3
3715,4,1,6
3716,4,1,7
3717,7,1,3
3718,9,6,4
3719,8,1,7
3720,2,1,4
3721,1,6,4
3722,7,1,4
3723,9,10,4
3724,5,6,1
3725,4,8,6
3726,10,8,9
3727,5,4,1
3728,9,8,4
3729,5,7,1
3730,9,4,1
3731,9,1,10
3732,5,2,4
3733,1,4,2
3734,4,5,1
3735,7,1,4
3736,6,5,7
3737,9,8,10
3738,9,4,8
3739,1,4,2
3740,4,2,1
3741,8,7,1
3742,4,1,10
3743,4,8,1
3744,10,1,2
3745,10,1,2
3746,4,1,2
3747,4,1,2
3748,1,2,5
3749,5,7,1
3750,7,1,4
3751,8,6,1
3752,9,10,8
3753,1,4,2
3754,6,5,3
3755,5,7,4
3756,1,2,4
3757,6,1,3
3758,9,8,4
3759,5,1,7
3760,7,4,1
3761,8,4,6
3762,1,8,3
3763,1,7,6
3764,6,5,4
3765,5,7,1
3766,9,4,10
3767,7,1,8
3768,2,9,1
3769,1,4,5
3770,6,4,9
3771,2,1,3
3772,4,6,1
3773,1,5,4
3774,2,1,8
3775,2,1,4
3776,10,2,8
3777,7,1,3
3778,4,9,1
3779,7,3,1
3780,5,7,1
3781,4,1,7
3782,9,4,10
3783,4,1,8
3784,5,4,7
3785,4,1,7
3786,1,7,2
3787,5,1,3
3788,6,5,1
3789,5,1,4
3790,4,1,7
3791,7,1,2
3792,9,8,10
3793,5,1,4
3794,7,3,1
3795,9,10,1
3796,1,3,7
3797,1,2,4
3798,4,1,2
3799,4,9,1
3800,1,7,5
3801,2,1,4
3802,1,4,5
3803,7,1,3
3804,6,4,10
3805,7,1,3
3806,1,2,10
3807,2,4,1
3808,2,1,8
3809,7,6,1
3810,1,8,9
3811,9,4,10
3812,9,10,6
3813,9,10,4
3814,1,2,5
3815,7,1,8
3816,9,10,4
3817,10,3,7
3818,5,3,1
3819,6,5,1
3820,8,1,4
3821,7,5,1
3822,8,1,7
3823,1,4,6
3824,7,1,8
3825,2,1,10
3826,1,6,3
3827,1,2,4
3828,5,1,4
3829,7,3,4
3830,7,8,1
3831,7,1,3
3832,1,2,7
3833,5,7,1
3834,8,10,6
3835,7,1,5
3836,5,7,3
3837,8,6,7
3838,9,8,10
3839,1,5,4
3840,9,10,4
3841,7,1,3
3842,6,8,10
3843,7,1,5
3844,9,10,8
3845,2,1,4
3846,1,5,4
3847,10,1,4
3848,9,10,1
3849,8,1,7
3850,5,3,1
3851,7,1,5
3852,7,1,4
3853,7,1,4
3854,5,1,10
3855,5,1,6
3856,1,3,2
3857,1,5,3
3858,1,3,2
3859,4,6,1
3860,5,10,7
3861,1,5,2
3862,1,7,6
3863,5,7,4
3864,4,9,10
3865,6,10,3
3866,4,9,10
3867,7,5,1
3868,4,2,10
3869,2,8,1
3870,1,2,4
3871,4,8,1
3872,1,7,2
3873,1,4,8
3874,4,9,1
3875,1,2,3
3876,7,3,1
3877,9,4,10
3878,9,8,10
3879,7,4,5
3880,5,4,10
3881,7,1,2
3882,4,1,7
3883,4,6,3
3884,5,4,1
3885,7,1,4
3886,1,7,5
3887,1,4,7
3888,1,7,2
3889,6,5,3
3890,5,6,3
3891,10,4,9
3892,7,1,2
3893,7,1,5
3894,4,1,2
3895,5,7,4
3896,9,4,2
3897,4,1,10
3898,4,9,1
3899,5,1,3
3900,1,7,4
3901,4,6,5
3902,9,4,10
3903,9,10,8
3904,7,5,6
3905,7,1,5
3906,2,1,4
3907,4,1,9
3908,1,5,10
3909,6,5,3
3910,1,4,8
3911,7,3,1
3912,4,5,1
3913,1,7,2
3914,1,2,5
3915,7,1,2
3916,1,2,3
3917,4,1,3
3918,9,4,1
3919,4,9,1
3920,1,7,6
3921,7,1,4
3922,5,1,10
3923,1,4,2
3924,5,6,3
3925,6,4,9
3926,7,1,5
3927,4,5,3
3928,4,5,1
3929,9,10,4
3930,10,5,1
3931,5,4,1
3932,9,4,1
3933,1,2,4
3934,9,10,4
3935,6,8,7
3936,1,3,4
3937,9,4,10
3938,2,4,1
3939,1,8,5
3940,5,7,4
3941,1,2,4
3942,1,7,4
3943,10,4,1
3944,9,4,3
3945,1,7,2
3946,9,4,10
3947,1,2,3
3948,1,4,2
3949,1,2,4
3950,2,1,4
3951,5,4,7
3952,9,10,4
3953,1,2,7
3954,7,1,3
3955,1,7,2
3956,1,2,3
3957,1,7,4
3958,9,10,4
3959,4,1,9
3960,1,7,2
3961,5,4,3
3962,4,6,1
3963,1,4,8
3964,1,5,3
3965,1,4,2
3966,7,1,4
3967,1,2,4
3968,4,1,2
3969,1,5,7
3970,1,7,8
3971,9,1,4
3972,9,4,10
3973,6,4,10
3974,1,2,4
3975,9,10,8
3976,1,4,7
3977,4,1,5
3978,4,6,1
3979,1,7,2
3980,2,4,1
3981,1,7,2
3982,10,8,4
3983,1,4,2
3984,7,1,4
3985,1,5,10
3986,6,1,10
3987,4,6,1
3988,5,7,10
3989,9,4,1
3990,4,3,1
3991,5,4,3
3992,10,9,4
3993,4,9,10
3994,5,6,1
3995,9,8,10
3996,1,8,7
3997,1,2,3
3998,9,4,1
3999,1,4,7
4000,7,3,1
4001,5,7,3
4002,1,2,7
4003,4,1,6
4004,1,4,5
4005,4,1,6
4006,8,9,10
4007,1,4,2
4008,1,2,4
4009,7,1,6
4010,1,7,2
4011,9,4,1
4012,7,1,2
4013,1,2,4
4014,2,10,1
4015,5,7,4
4016,9,10,4
4017,1,7,3
4018,5,1,4
4019,1,4,8
4020,5,1,7
4021,6,4,1
4022,4,8,1
4023,4,9,10
4024,5,1,4
4025,6,1,4
4026,7,5,3
4027,1,7,2
4028,1,5,7
4029,7,5,4
4030,5,4,7
4031,1,7,3
4032,1,7,6
4033,6,10,1
4034,1,2,4
4035,1,4,3
4036,2,10,1
4037,7,3,4
4038,4,1,5
4039,5,7,3
4040,7,5,1
4041,5,3,7
4042,1,7,4
4043,1,7,3
4044,4,9,1
4045,1,2,4
4046,7,5,1
4047,5,6,4
4048,4,1,5
4049,5,2,7
4050,1,2,4
4051,9,10,4
4052,4,2,1
4053,8,6,4
4054,9,4,10
4055,1,4,7
4056,9,4,2
4057,4,9,10
4058,4,9,1
4059,7,4,1
4060,1,7,3
4061,1,7,4
4062,4,6,1
4063,2,1,8
4064,4,9,1
4065,9,1,4
4066,1,2,4
4067,1,4,3
4068,9,10,8
4069,4,9,10
4070,2,1,3
4071,8,2,10
4072,1,4,9
4073,1,2,3
4074,4,7,1
4075,5,4,10
4076,5,3,1
4077,9,10,1
4078,4,5,1
4079,8,5,10
4080,6,4,1
4081,1,2,4
4082,5,7,3
4083,8,1,2
4084,1,4,5
4085,9,4,1
4086,1,7,6
4087,5,4,1
4088,4,9,10
4089,9,2,1
4090,2,1,8
4091,1,7,5
4092,6,4,8
4093,2,8,1
4094,1,2,4
4095,4,9,1
4096,2,1,8
4097,1,4,2
4098,4,1,2
4099,4,9,6
4100,7,5,1
4101,4,1,5
4102,1,7,2
4103,4,1,9
4104,6,10,9
4105,7,5,4
4106,9,10,2
4107,9,4,10
4108,9,4,10
4109,6,4,5
4110,5,6,1
4111,4,2,3
4112,9,4,1
4113,4,6,1
4114,7,1,5
4115,1,4,5
4116,1,4,2
4117,7,5,1
4118,7,1,5
4119,7,1,3
4120,2,8,4
4121,4,5,1
4122,5,6,3
