,Rank_1,Rank_2,Rank_3
0,4,1,9
1,1,4,7
2,1,4,3
3,1,5,4
4,1,4,5
5,4,1,5
6,4,1,2
7,1,4,2
8,4,1,6
9,4,1,2
10,1,10,4
11,1,2,4
12,1,5,4
13,4,1,8
14,1,4,10
15,8,9,2
16,6,1,4
17,1,4,2
18,8,6,9
19,4,8,1
20,1,7,4
21,1,6,4
22,1,2,4
23,10,8,2
24,1,4,5
25,8,4,2
26,1,4,5
27,4,1,5
28,1,4,2
29,4,1,2
30,1,4,10
31,8,1,4
32,1,2,4
33,1,4,2
34,8,1,4
35,1,4,7
36,1,2,4
37,8,4,9
38,1,4,2
39,1,8,4
40,4,1,10
41,1,2,4
42,8,4,1
43,1,4,2
44,1,2,4
45,1,4,7
46,4,2,8
47,5,1,4
48,1,4,2
49,4,1,10
50,1,4,2
51,1,4,10
52,1,2,10
53,1,4,2
54,1,4,7
55,8,4,1
56,6,4,1
57,1,4,2
58,8,4,1
59,1,4,2
60,1,4,2
61,1,4,2
62,1,2,4
63,1,4,5
64,1,4,6
65,1,4,2
66,1,2,9
67,1,2,4
68,1,4,2
69,1,6,4
70,1,4,5
71,1,4,5
72,1,4,2
73,10,2,1
74,1,4,2
75,8,3,9
76,5,1,9
77,1,4,5
78,1,4,5
79,4,1,8
80,1,2,5
81,4,8,1
82,1,2,4
83,1,4,5
84,1,4,8
85,4,8,1
86,8,6,9
87,1,4,7
88,1,4,2
89,1,4,3
90,4,1,5
91,1,4,5
92,1,4,2
93,2,4,1
94,1,7,4
95,4,1,5
96,1,2,4
97,1,5,2
98,1,5,4
99,1,4,5
100,1,4,2
101,1,4,2
102,1,4,2
103,1,4,9
104,1,2,3
105,1,4,5
106,1,4,9
107,4,1,2
108,4,1,5
109,1,4,2
110,1,4,2
111,1,4,2
112,1,2,4
113,1,4,7
114,9,4,8
115,1,4,9
116,1,4,5
117,4,2,1
118,1,4,2
119,1,2,7
120,1,2,5
121,1,2,4
122,1,4,5
123,1,2,4
124,8,3,10
125,1,4,2
126,8,2,1
127,1,4,2
128,1,4,3
129,1,4,9
130,4,1,2
131,1,2,4
132,8,1,2
133,1,2,4
134,1,7,4
135,1,4,5
136,4,1,5
137,1,4,2
138,4,1,3
139,1,4,2
140,4,8,1
141,1,4,2
142,1,4,2
143,1,5,4
144,4,1,5
145,1,4,2
146,1,4,2
147,4,5,6
148,4,1,7
149,1,4,2
150,1,9,4
151,1,4,2
152,1,4,5
153,4,8,1
154,8,4,1
155,4,1,2
156,6,1,10
157,8,9,4
158,1,4,3
159,4,1,2
160,4,1,8
161,4,1,10
162,1,5,4
163,1,4,2
164,1,4,2
165,1,5,4
166,4,1,5
167,4,8,6
168,8,1,9
169,1,4,2
170,1,4,2
171,1,4,5
172,8,4,1
173,4,1,7
174,1,8,4
175,8,6,1
176,1,2,10
177,1,4,2
178,1,7,4
179,1,5,4
180,1,2,4
181,1,2,7
182,4,8,1
183,1,4,3
184,4,1,5
185,1,2,4
186,2,4,1
187,4,2,1
188,1,4,6
189,1,4,2
190,4,1,2
191,1,4,2
192,8,9,4
193,1,4,9
194,1,4,7
195,4,1,5
196,4,1,8
197,4,1,6
198,9,8,1
199,4,1,9
200,1,4,2
201,4,1,2
202,4,1,2
203,4,8,1
204,1,5,3
205,4,8,1
206,1,7,4
207,4,10,1
208,4,9,1
209,1,4,2
210,1,4,2
211,1,4,5
212,1,4,5
213,1,4,5
214,8,9,4
215,4,1,6
216,8,9,1
217,8,1,2
218,1,7,2
219,1,4,7
220,4,8,1
221,1,4,2
222,1,4,2
223,8,4,1
224,1,4,6
225,4,1,5
226,1,4,5
227,1,4,2
228,1,2,4
229,1,4,7
230,1,10,4
231,1,4,2
232,6,1,8
233,4,1,10
234,1,4,2
235,8,4,9
236,1,4,2
237,1,2,5
238,8,4,1
239,1,4,2
240,1,4,2
241,1,4,5
242,4,1,9
243,1,4,7
244,1,4,5
245,4,1,2
246,8,4,1
247,6,10,1
248,1,4,2
249,8,4,9
250,8,4,9
251,1,4,5
252,1,2,5
253,1,2,4
254,1,4,5
255,1,5,9
256,1,4,9
257,1,4,2
258,4,2,1
259,4,1,2
260,1,4,3
261,4,1,2
262,6,1,4
263,1,4,2
264,4,1,5
265,1,4,2
266,1,4,2
267,1,7,10
268,1,4,2
269,1,4,7
270,1,4,2
271,4,1,3
272,5,4,1
273,1,4,2
274,1,4,8
275,4,1,9
276,4,1,2
277,1,2,4
278,1,4,8
279,4,1,2
280,2,10,8
281,4,1,6
282,1,4,2
283,1,4,7
284,4,1,2
285,1,2,4
286,4,1,5
287,1,4,3
288,1,4,7
289,1,4,2
290,1,2,5
291,1,4,2
292,1,4,2
293,1,2,10
294,4,1,8
295,1,4,2
296,1,2,4
297,1,2,4
298,1,2,10
299,4,1,5
300,1,4,8
301,1,4,9
302,1,4,5
303,1,10,4
304,1,4,3
305,1,8,9
306,1,4,2
307,1,2,5
308,1,4,5
309,8,3,6
310,1,4,2
311,4,8,6
312,1,4,2
313,9,1,8
314,4,1,8
315,1,2,4
316,1,4,7
317,7,1,5
318,6,4,8
319,1,4,9
320,1,4,5
321,1,4,7
322,1,4,2
323,5,6,1
324,1,2,4
325,8,1,4
326,1,4,10
327,4,1,5
328,1,4,3
329,1,7,5
330,1,4,2
331,8,4,9
332,1,4,2
333,1,4,2
334,1,2,4
335,4,8,9
336,1,5,2
337,1,4,9
338,1,4,7
339,1,4,2
340,6,1,10
341,2,1,4
342,1,7,4
343,8,9,4
344,1,7,4
345,1,2,10
346,1,4,5
347,1,4,2
348,1,4,2
349,2,1,4
350,1,4,2
351,1,4,7
352,1,4,2
353,8,9,1
354,1,4,5
355,1,2,10
356,9,1,2
357,1,4,2
358,1,4,2
359,1,5,4
360,1,4,3
361,1,2,10
362,1,2,4
363,1,4,2
364,1,7,4
365,4,1,8
366,1,4,2
367,4,2,1
368,1,4,2
369,4,9,8
370,9,4,1
371,1,4,7
372,4,5,1
373,4,1,2
374,1,10,2
375,1,4,7
376,1,2,4
377,1,4,5
378,8,4,1
379,4,1,7
380,4,6,1
381,1,2,4
382,5,4,1
383,1,5,4
384,1,7,4
385,8,4,1
386,1,2,6
387,1,4,9
388,8,4,9
389,1,4,5
390,1,4,7
391,4,5,1
392,4,2,1
393,1,4,7
394,4,1,6
395,1,4,2
396,2,4,1
397,1,4,7
398,1,4,2
399,8,4,10
400,4,1,8
401,1,4,2
402,4,9,1
403,8,4,9
404,1,4,9
405,4,1,5
406,1,4,10
407,1,4,7
408,1,9,8
409,1,4,5
410,4,1,5
411,1,4,2
412,1,2,4
413,1,2,4
414,1,4,2
415,1,2,4
416,1,5,9
417,1,4,6
418,1,4,7
419,1,4,5
420,4,1,5
421,1,4,2
422,1,4,5
423,4,8,9
424,1,4,2
425,4,1,8
426,1,4,7
427,1,4,6
428,4,1,5
429,1,9,2
430,1,4,5
431,8,4,10
432,1,7,4
433,1,4,2
434,4,8,1
435,1,4,9
436,4,1,2
437,4,1,5
438,1,4,5
439,4,1,2
440,1,2,4
441,1,4,2
442,1,4,2
443,1,2,4
444,1,4,7
445,1,4,2
446,1,5,4
447,4,1,8
448,8,4,1
449,2,1,4
450,1,4,2
451,1,4,8
452,1,4,2
453,1,4,2
454,4,1,2
455,8,9,4
456,8,5,1
457,1,4,2
458,1,4,5
459,4,1,9
460,1,4,2
461,1,4,5
462,4,1,9
463,1,2,6
464,1,6,3
465,4,1,8
466,1,5,2
467,1,4,5
468,9,1,2
469,8,4,9
470,4,1,9
471,4,1,2
472,1,4,5
473,1,4,9
474,1,2,10
475,1,4,3
476,1,4,2
477,1,4,5
478,2,8,1
479,1,7,4
480,4,1,6
481,9,1,2
482,1,4,2
483,1,4,2
484,1,2,4
485,4,1,5
486,1,8,2
487,4,1,2
488,1,4,5
489,8,4,1
490,4,1,5
491,1,7,4
492,1,4,7
493,1,4,5
494,1,5,2
495,1,4,2
496,4,1,2
497,1,4,3
498,8,6,10
499,8,4,1
500,1,4,5
501,4,1,5
502,1,4,6
503,1,4,2
504,1,4,5
505,8,9,1
506,1,4,5
507,4,8,5
508,1,4,2
509,1,4,7
510,6,1,7
511,8,6,4
512,1,4,2
513,8,4,9
514,1,4,2
515,1,4,2
516,1,2,4
517,1,4,3
518,1,10,4
519,1,4,2
520,1,4,2
521,4,1,5
522,1,2,9
523,4,1,8
524,1,2,4
525,8,4,9
526,4,1,10
527,1,4,5
528,1,4,2
529,1,2,4
530,4,8,1
531,4,8,9
532,1,4,5
533,1,4,2
534,1,4,2
535,1,4,5
536,1,4,2
537,1,4,9
538,1,4,2
539,1,4,3
540,4,8,1
541,1,4,8
542,1,5,4
543,1,4,2
544,1,2,4
545,4,2,5
546,1,4,6
547,1,4,6
548,1,5,4
549,1,4,2
550,1,2,4
551,1,4,3
552,4,8,9
553,1,4,7
554,4,8,1
555,1,9,4
556,1,4,8
557,1,4,2
558,1,4,7
559,1,4,2
560,1,2,7
561,4,1,8
562,1,4,5
563,1,4,3
564,4,8,9
565,4,8,1
566,1,4,3
567,8,1,9
568,9,8,1
569,1,2,4
570,1,2,4
571,4,1,8
572,1,4,8
573,1,2,8
574,7,1,2
575,1,2,4
576,4,5,2
577,1,4,9
578,2,4,1
579,4,1,5
580,4,7,1
581,1,4,2
582,1,4,2
583,4,6,1
584,1,2,4
585,4,1,5
586,1,4,3
587,1,4,2
588,1,4,10
589,1,4,5
590,4,8,1
591,4,1,6
592,1,2,4
593,1,4,5
594,1,2,4
595,4,1,5
596,1,4,7
597,4,1,2
598,1,4,2
599,1,2,4
600,1,4,5
601,4,1,8
602,1,6,2
603,4,8,9
604,1,2,7
605,1,6,4
606,1,8,4
607,8,9,4
608,1,7,4
609,1,4,9
610,1,4,5
611,1,4,2
612,1,4,5
613,4,1,3
614,1,2,4
615,1,4,5
616,1,5,4
617,4,1,8
618,1,4,2
619,8,4,10
620,1,5,4
621,1,4,7
622,8,4,9
623,8,1,9
624,1,4,2
625,1,4,2
626,1,4,2
627,8,2,1
628,1,4,5
629,1,4,2
630,4,5,1
631,4,1,8
632,1,7,4
633,4,1,5
634,1,4,5
635,1,5,4
636,1,4,3
637,4,10,1
638,1,4,2
639,1,4,2
640,4,6,1
641,1,4,10
642,1,4,5
643,1,4,5
644,1,4,2
645,1,4,5
646,4,1,8
647,1,4,7
648,1,4,5
649,8,9,1
650,4,5,1
651,8,4,9
652,1,4,2
653,1,6,10
654,1,4,8
655,1,4,2
656,8,4,9
657,1,4,2
658,4,8,1
659,1,2,4
660,1,2,9
661,1,4,5
662,8,10,2
663,4,1,2
664,1,4,2
665,4,1,5
666,1,2,4
667,1,4,2
668,1,2,4
669,1,4,3
670,8,4,1
671,1,4,2
672,1,7,4
673,1,4,5
674,1,4,3
675,4,1,3
676,9,1,4
677,1,4,2
678,1,4,9
679,4,5,3
680,4,1,5
681,8,1,4
682,1,4,2
683,1,4,9
684,1,4,5
685,1,2,4
686,4,5,1
687,1,10,8
688,4,9,1
689,2,1,4
690,1,4,2
691,4,1,2
692,1,4,2
693,4,1,10
694,1,4,2
695,4,1,2
696,2,4,1
697,4,1,6
698,4,1,2
699,1,9,8
700,1,4,5
701,1,4,2
702,1,5,4
703,1,4,2
704,1,4,2
705,1,2,10
706,1,4,5
707,4,1,5
708,1,4,2
709,1,4,2
710,1,4,5
711,1,5,2
712,4,1,6
713,1,2,4
714,1,4,9
715,1,4,5
716,4,1,5
717,1,4,2
718,1,4,2
719,1,5,3
720,1,10,8
721,5,3,2
722,4,1,9
723,1,5,8
724,1,4,2
725,1,2,9
726,1,4,5
727,1,2,7
728,4,1,3
729,4,1,2
730,4,1,2
731,1,4,2
732,4,1,2
733,2,10,9
734,8,4,1
735,1,4,2
736,1,4,5
737,1,2,7
738,1,4,5
739,1,8,9
740,4,8,9
741,1,4,2
742,4,1,6
743,1,7,4
744,1,2,4
745,1,2,4
746,1,4,2
747,4,1,3
748,1,2,4
749,8,9,4
750,4,8,1
751,1,4,5
752,1,4,9
753,1,4,8
754,1,2,10
755,1,4,2
756,4,1,2
757,1,4,2
758,1,4,5
759,1,4,2
760,1,4,2
761,4,1,2
762,1,4,2
763,1,4,2
764,2,1,3
765,1,4,2
766,1,4,2
767,4,1,10
768,1,4,2
769,4,1,3
770,1,4,8
771,1,4,2
772,1,4,2
773,1,4,7
774,1,2,4
775,4,1,3
776,4,9,1
777,1,4,2
778,1,4,5
779,9,8,4
780,4,8,1
781,1,4,10
782,1,5,7
783,1,4,2
784,2,1,8
785,4,1,2
786,1,4,5
787,1,4,2
788,1,4,8
789,1,4,5
790,1,2,10
791,1,4,2
792,8,1,9
793,4,1,5
794,4,1,2
795,1,4,5
796,8,4,9
797,4,9,8
798,6,1,2
799,2,4,1
800,1,7,4
801,1,4,7
802,1,4,5
803,2,1,7
804,1,4,5
805,1,4,5
806,1,3,9
807,1,8,5
808,1,2,4
809,4,1,5
810,1,4,9
811,1,7,3
812,1,4,2
813,1,2,4
814,1,3,4
815,7,1,4
816,1,2,4
817,1,4,2
818,1,4,2
819,1,2,4
820,1,2,4
821,4,1,9
822,4,5,1
823,1,4,5
824,1,4,2
825,1,8,9
826,8,4,6
827,1,5,4
828,1,2,4
829,1,2,4
830,1,4,2
831,4,1,5
832,4,8,10
833,1,4,2
834,1,4,9
835,4,1,5
836,1,4,2
837,1,4,5
838,1,4,2
839,1,2,4
840,1,2,4
841,1,2,4
842,4,1,8
843,1,2,4
844,1,4,2
845,4,1,8
846,4,8,10
847,1,4,3
848,1,4,10
849,4,1,5
850,1,2,6
851,4,1,2
852,4,2,1
853,4,1,5
854,1,4,3
855,4,1,5
856,8,9,4
857,1,4,3
858,5,4,10
859,1,4,7
860,1,2,4
861,8,5,4
862,2,9,4
863,1,4,5
864,1,4,3
865,1,4,2
866,1,4,5
867,4,1,5
868,1,5,4
869,4,1,5
870,1,4,2
871,1,2,4
872,1,8,4
873,1,4,2
874,4,1,8
875,1,4,9
876,1,2,4
877,1,4,5
878,1,2,8
879,8,4,1
880,5,1,4
881,1,2,4
882,8,4,1
883,1,2,7
884,1,4,7
885,1,4,2
886,1,5,4
887,1,2,4
888,4,1,6
889,4,1,8
890,4,1,3
891,2,4,1
892,1,4,2
893,1,4,6
894,4,1,5
895,1,2,4
896,1,4,5
897,1,7,5
898,1,4,2
899,1,4,2
900,1,4,5
901,1,4,5
902,1,4,5
903,1,5,4
904,1,2,4
905,1,4,2
906,1,2,4
907,1,2,4
908,1,4,7
909,8,6,10
910,1,2,4
911,1,4,9
912,8,4,10
913,1,6,9
914,4,1,2
915,1,4,2
916,1,2,8
917,9,5,1
918,1,5,4
919,1,4,5
920,4,1,2
921,1,4,5
922,1,2,4
923,1,4,7
924,8,9,1
925,1,4,8
926,4,1,2
927,1,4,3
928,1,4,2
929,1,4,5
930,4,1,5
931,1,4,2
932,1,8,4
933,6,1,4
934,4,1,2
935,1,2,4
936,1,4,5
937,4,1,5
938,1,4,2
939,1,4,5
940,4,8,1
941,4,1,2
942,1,4,5
943,4,1,9
944,1,4,5
945,1,4,6
946,1,4,2
947,4,1,2
948,5,1,4
949,4,1,5
950,1,4,7
951,1,5,7
952,4,8,10
953,8,9,1
954,10,8,2
955,1,2,4
956,4,1,8
957,4,1,6
958,1,4,5
959,4,1,5
960,1,4,5
961,1,4,2
962,1,2,4
963,1,4,3
964,1,4,2
965,1,4,2
966,1,4,2
967,6,1,8
968,1,4,2
969,1,4,2
970,8,4,1
971,1,4,2
972,1,2,4
973,1,4,9
974,8,4,1
975,1,4,9
976,1,2,4
977,4,1,8
978,4,8,1
979,1,4,2
980,6,1,4
981,4,1,7
982,1,4,2
983,1,10,2
984,1,4,3
985,1,7,10
986,4,1,6
987,1,3,8
988,5,9,4
989,1,4,3
990,1,4,5
991,1,2,4
992,1,2,3
993,1,4,2
994,8,4,9
995,4,8,9
996,1,4,7
997,1,7,4
998,1,2,4
999,1,4,7
1000,1,4,5
1001,1,4,5
1002,4,1,9
1003,4,1,8
1004,1,7,2
1005,1,4,2
1006,2,6,1
1007,4,1,3
1008,4,1,2
1009,1,8,4
1010,1,10,4
1011,1,4,2
1012,8,1,4
1013,4,1,6
1014,1,4,9
1015,1,4,9
1016,1,9,4
1017,1,4,5
1018,1,4,2
1019,4,1,2
1020,4,1,2
1021,1,2,4
1022,1,4,2
1023,9,4,1
1024,1,4,5
1025,1,6,7
1026,4,5,1
1027,1,5,4
1028,4,1,2
1029,1,7,4
1030,8,1,4
1031,1,4,5
1032,1,4,7
1033,4,1,2
1034,4,1,7
1035,8,4,1
1036,1,4,2
1037,4,1,5
1038,1,2,4
1039,4,6,8
1040,4,1,5
1041,1,4,5
1042,4,8,1
1043,8,4,1
1044,1,5,4
1045,1,5,4
1046,1,5,4
1047,4,8,9
1048,8,4,1
1049,4,1,2
1050,1,4,5
1051,1,4,2
1052,1,2,4
1053,1,2,4
1054,4,2,1
1055,4,8,1
1056,1,2,4
1057,1,4,2
1058,1,2,9
1059,1,7,2
1060,1,4,5
1061,1,3,4
1062,4,1,9
1063,4,1,9
1064,8,4,1
1065,4,8,9
1066,4,1,6
1067,1,5,2
1068,4,1,8
1069,1,4,2
1070,1,4,7
1071,1,7,3
1072,8,4,1
1073,4,1,5
1074,6,5,3
1075,1,2,4
1076,1,5,4
1077,1,4,2
1078,4,1,10
1079,1,4,2
1080,1,2,4
1081,1,2,4
1082,1,2,4
1083,1,4,2
1084,1,4,2
1085,1,4,2
1086,4,1,5
1087,1,4,5
1088,1,4,2
1089,1,2,4
1090,4,8,10
1091,4,1,5
1092,4,8,9
1093,1,4,5
1094,1,9,8
1095,6,4,1
1096,1,2,10
1097,4,1,2
1098,8,4,1
1099,1,4,2
1100,8,4,1
1101,1,4,5
1102,1,4,2
1103,4,9,1
1104,8,4,1
1105,1,4,5
1106,4,1,6
1107,8,1,3
1108,1,4,3
1109,1,6,4
1110,1,4,2
1111,4,5,3
1112,4,1,2
1113,1,8,4
1114,4,1,10
1115,1,4,7
1116,1,4,2
1117,1,4,3
1118,4,9,1
1119,1,4,2
1120,1,2,4
1121,1,4,5
1122,1,4,2
1123,6,1,4
1124,4,8,1
1125,1,4,7
1126,4,6,5
1127,1,4,2
1128,1,7,2
1129,8,10,9
1130,1,2,4
1131,1,2,9
1132,1,4,2
1133,4,1,2
1134,1,2,4
1135,1,4,7
1136,4,1,2
1137,8,1,4
1138,1,4,2
1139,1,2,4
1140,6,2,1
1141,1,4,2
1142,1,2,10
1143,1,4,2
1144,1,4,5
1145,4,1,5
1146,1,7,4
1147,1,2,4
1148,1,4,5
1149,1,2,4
1150,4,1,5
1151,1,2,4
1152,1,4,9
1153,10,4,1
1154,1,2,4
1155,1,2,4
1156,1,2,5
1157,1,2,4
1158,1,4,2
1159,1,3,7
1160,5,3,9
1161,4,1,6
1162,4,1,5
1163,1,5,4
1164,1,4,5
1165,4,1,3
1166,1,2,4
1167,1,4,2
1168,4,1,5
1169,1,4,5
1170,1,4,5
1171,4,1,6
1172,4,1,5
1173,8,1,4
1174,1,8,9
1175,1,4,2
1176,1,6,4
1177,1,9,4
1178,4,1,10
1179,4,1,8
1180,1,2,4
1181,1,4,2
1182,1,4,5
1183,1,8,4
1184,1,4,2
1185,1,4,9
1186,8,1,9
1187,4,1,3
1188,1,4,2
1189,1,4,5
1190,4,1,9
1191,1,4,2
1192,1,4,5
1193,1,6,4
1194,4,8,1
1195,1,4,2
1196,4,1,2
1197,1,4,8
1198,1,4,2
1199,1,4,2
1200,1,4,2
1201,1,5,4
1202,5,4,1
1203,1,4,2
1204,1,4,5
1205,4,1,5
1206,1,2,4
1207,1,7,2
1208,1,7,4
1209,1,4,2
1210,4,1,2
1211,1,4,2
1212,1,4,2
1213,2,1,4
1214,1,4,3
1215,1,4,2
1216,1,4,8
1217,1,10,4
1218,1,5,4
1219,1,4,2
1220,2,1,4
1221,1,4,5
1222,1,2,4
1223,8,4,1
1224,4,1,2
1225,1,2,4
1226,8,6,10
1227,1,4,2
1228,4,1,8
1229,1,4,2
1230,1,8,4
1231,1,9,4
1232,1,4,7
1233,1,4,2
1234,1,4,2
1235,2,1,9
1236,1,7,5
1237,1,4,2
1238,5,1,4
1239,1,4,5
1240,4,1,5
1241,1,4,2
1242,1,4,5
1243,1,5,4
1244,1,4,2
1245,8,4,1
1246,1,4,2
1247,1,4,2
1248,1,4,5
1249,8,9,4
1250,4,1,6
1251,8,4,9
1252,1,4,7
1253,8,4,1
1254,1,4,9
1255,1,4,7
1256,1,4,5
1257,1,2,4
1258,4,1,2
1259,1,4,3
1260,8,4,2
1261,1,4,5
1262,8,4,10
1263,1,4,5
1264,4,1,8
1265,1,7,5
1266,1,4,6
1267,5,4,6
1268,4,1,2
1269,1,4,2
1270,4,1,6
1271,1,2,4
1272,4,1,5
1273,1,4,5
1274,1,4,10
1275,1,4,2
1276,1,5,2
1277,1,4,8
1278,4,1,9
1279,1,2,4
1280,1,2,4
1281,1,5,4
1282,4,1,5
1283,4,1,2
1284,1,4,3
1285,1,2,4
1286,4,1,5
1287,1,4,5
1288,1,4,3
1289,1,4,7
1290,1,4,2
1291,1,4,5
1292,1,4,10
1293,1,6,5
1294,4,6,1
1295,1,4,3
1296,4,1,5
1297,4,1,6
1298,1,7,2
1299,1,5,9
1300,2,1,4
1301,1,9,4
1302,1,4,8
1303,4,1,7
1304,1,5,4
1305,5,1,2
1306,4,1,5
1307,1,4,8
1308,8,10,4
1309,1,4,2
1310,4,1,8
1311,1,4,5
1312,1,2,4
1313,1,2,4
1314,4,1,9
1315,1,4,5
1316,1,4,5
1317,1,9,4
1318,4,8,1
1319,1,4,7
1320,4,1,5
1321,1,4,8
1322,1,4,3
1323,8,4,9
1324,1,4,3
1325,1,4,5
1326,1,8,4
1327,4,1,8
1328,1,2,4
1329,4,1,2
1330,1,4,2
1331,1,4,3
1332,1,4,3
1333,1,4,7
1334,1,4,2
1335,1,9,4
1336,4,8,1
1337,8,1,4
1338,4,1,8
1339,4,8,1
1340,1,4,2
1341,1,3,2
1342,1,4,5
1343,1,4,2
1344,1,4,2
1345,1,2,10
1346,2,9,1
1347,1,4,3
1348,10,8,2
1349,4,1,3
1350,1,4,2
1351,1,2,4
1352,4,8,1
1353,1,8,2
1354,1,4,2
1355,1,4,2
1356,1,4,2
1357,1,4,7
1358,1,2,4
1359,4,1,5
1360,4,8,1
1361,1,4,6
1362,4,8,1
1363,1,4,5
1364,4,8,1
1365,4,1,5
1366,1,2,4
1367,1,2,4
1368,1,4,5
1369,1,4,2
1370,1,4,2
1371,1,4,5
1372,1,2,9
1373,1,4,3
1374,1,4,2
1375,1,2,4
1376,1,2,4
1377,1,4,3
1378,1,2,6
1379,1,4,3
1380,1,4,2
1381,1,4,2
1382,1,4,2
1383,10,9,1
1384,1,4,7
1385,1,4,5
1386,1,4,3
1387,1,4,6
1388,1,4,2
1389,1,2,4
1390,4,1,6
1391,1,9,5
1392,8,1,4
1393,4,1,2
1394,1,2,4
1395,4,1,8
1396,1,4,3
1397,1,4,2
1398,1,2,4
1399,1,4,2
1400,1,4,3
1401,1,4,2
1402,1,4,5
1403,1,2,4
1404,4,8,1
1405,1,8,9
1406,1,4,2
1407,1,7,4
1408,1,10,9
1409,1,4,5
1410,4,1,5
1411,1,2,4
1412,1,2,4
1413,1,4,2
1414,8,1,4
1415,8,4,1
1416,8,4,9
1417,4,1,9
1418,1,7,4
1419,5,4,1
1420,1,4,2
1421,9,4,1
1422,1,4,5
1423,4,5,9
1424,8,4,9
1425,1,4,5
1426,8,6,3
1427,8,4,1
1428,1,4,2
1429,4,7,1
1430,1,7,4
1431,1,4,7
1432,1,2,4
1433,1,4,7
1434,1,4,3
1435,4,6,1
1436,1,7,2
1437,1,4,2
1438,1,4,3
1439,4,1,5
1440,1,4,2
1441,1,7,5
1442,1,4,7
1443,8,10,1
1444,4,1,8
1445,6,4,1
1446,8,1,9
1447,1,4,5
1448,1,6,4
1449,1,9,8
1450,1,4,2
1451,1,2,7
1452,1,4,2
1453,1,4,5
1454,1,4,2
1455,1,4,5
1456,1,4,5
1457,4,8,9
1458,1,9,4
1459,1,5,4
1460,1,4,2
1461,1,2,4
1462,1,10,2
1463,1,4,10
1464,1,4,5
1465,1,2,4
1466,9,8,4
1467,6,4,3
1468,1,4,2
1469,1,4,2
1470,1,4,2
1471,1,6,2
1472,1,4,7
1473,4,1,3
1474,1,4,8
1475,1,4,2
1476,1,4,2
1477,4,1,8
1478,1,4,5
1479,1,5,4
1480,1,4,2
1481,1,4,5
1482,4,1,2
1483,1,4,7
1484,1,4,2
1485,4,6,9
1486,1,4,2
1487,1,4,3
1488,4,1,6
1489,4,1,8
1490,1,4,2
1491,1,4,2
1492,1,2,4
1493,4,1,5
1494,1,4,9
1495,4,1,2
1496,1,2,4
1497,1,4,2
1498,4,5,1
1499,4,1,5
1500,1,4,5
1501,1,2,9
1502,1,6,2
1503,4,1,9
1504,1,4,2
1505,1,4,2
1506,1,4,2
1507,1,4,2
1508,1,4,2
1509,4,1,3
1510,1,4,2
1511,8,10,3
1512,1,4,9
1513,1,4,2
1514,1,4,7
1515,1,4,2
1516,10,9,1
1517,1,4,2
1518,2,1,4
1519,1,4,7
1520,4,1,9
1521,4,2,8
1522,1,2,7
1523,4,8,1
1524,1,5,7
1525,1,4,5
1526,1,7,4
1527,1,5,4
1528,1,5,2
1529,1,4,7
1530,4,1,3
1531,4,1,2
1532,1,4,9
1533,4,1,6
1534,1,5,4
1535,1,2,9
1536,1,5,6
1537,8,9,4
1538,1,4,5
1539,1,4,2
1540,1,4,2
1541,1,4,7
1542,4,8,1
1543,1,4,8
1544,4,1,2
1545,8,4,1
1546,4,1,9
1547,4,1,2
1548,4,5,1
1549,4,1,2
1550,1,4,2
1551,1,4,2
1552,4,1,2
1553,8,1,5
1554,6,10,9
1555,1,4,5
1556,8,9,2
1557,8,1,4
1558,4,1,2
1559,1,7,4
1560,1,4,5
1561,4,1,2
1562,1,4,8
1563,4,1,2
1564,1,9,6
1565,1,2,4
1566,1,4,5
1567,4,1,8
1568,4,1,5
1569,1,5,4
1570,1,4,2
1571,4,1,9
1572,1,4,2
1573,4,1,2
1574,4,1,3
1575,8,4,1
1576,1,4,2
1577,8,5,1
1578,1,8,4
1579,1,4,2
1580,1,4,7
1581,1,4,9
1582,1,8,4
1583,1,2,9
1584,1,4,2
1585,1,4,7
1586,1,4,2
1587,1,2,9
1588,6,4,1
1589,4,1,5
1590,1,4,6
1591,4,1,5
1592,1,4,2
1593,8,4,9
1594,1,4,8
1595,1,4,3
1596,4,5,1
1597,5,3,4
1598,1,4,2
1599,4,5,1
1600,4,1,7
1601,4,1,7
1602,4,1,2
1603,1,3,4
1604,1,4,2
1605,8,10,3
1606,8,6,3
1607,4,1,8
1608,1,4,5
1609,1,4,7
1610,1,4,5
1611,1,4,2
1612,2,1,9
1613,1,4,5
1614,1,4,2
1615,4,1,8
1616,1,9,4
1617,4,6,1
1618,10,1,2
1619,1,8,10
1620,1,8,9
1621,1,4,2
1622,1,5,9
1623,1,4,2
1624,1,5,4
1625,8,1,4
1626,8,4,9
1627,1,10,8
1628,1,4,5
1629,1,4,5
1630,1,4,5
1631,4,1,5
1632,1,2,5
1633,1,4,9
1634,1,4,2
1635,4,8,1
1636,1,4,2
1637,1,4,2
1638,1,4,8
1639,8,1,4
1640,4,1,10
1641,1,4,5
1642,1,4,7
1643,1,2,4
1644,1,4,8
1645,1,4,2
1646,1,7,4
1647,1,4,5
1648,4,1,2
1649,1,4,7
1650,1,5,7
1651,1,4,2
1652,1,4,7
1653,4,9,8
1654,6,1,7
1655,4,1,2
1656,4,1,8
1657,1,4,5
1658,1,4,2
1659,1,2,4
1660,1,4,2
1661,1,4,2
1662,1,4,5
1663,1,2,3
1664,1,4,2
1665,4,1,8
1666,1,10,3
1667,1,4,2
1668,1,4,2
1669,1,4,7
1670,1,2,4
1671,1,2,8
1672,9,1,4
1673,1,4,2
1674,1,4,5
1675,4,8,1
1676,4,1,2
1677,8,4,1
1678,1,4,5
1679,1,4,2
1680,1,4,2
1681,1,4,5
1682,1,4,2
1683,1,2,5
1684,1,7,2
1685,1,2,4
1686,1,2,4
1687,1,4,5
1688,1,2,4
1689,1,2,4
1690,1,4,6
1691,1,4,5
1692,1,2,4
1693,1,4,3
1694,1,4,5
1695,4,1,2
1696,1,5,4
1697,4,1,2
1698,8,4,1
1699,1,2,3
1700,4,1,5
1701,4,1,8
1702,4,1,8
1703,1,6,2
1704,1,4,2
1705,1,4,2
1706,1,4,2
1707,1,4,2
1708,1,4,2
1709,4,7,5
1710,4,1,2
1711,8,4,9
1712,1,4,9
1713,1,4,3
1714,1,6,10
1715,1,4,2
1716,4,8,1
1717,1,2,4
1718,1,4,2
1719,1,2,4
1720,2,4,1
1721,1,4,7
1722,1,4,5
1723,1,4,5
1724,1,8,4
1725,4,10,1
1726,1,8,4
1727,1,5,7
1728,4,3,9
1729,2,1,4
1730,1,4,2
1731,1,5,4
1732,1,4,3
1733,1,2,7
1734,1,4,9
1735,1,4,5
1736,1,7,5
1737,1,2,4
1738,1,4,5
1739,1,4,2
1740,1,4,2
1741,1,9,4
1742,4,1,10
1743,1,4,8
1744,1,2,7
1745,8,4,1
1746,8,1,9
1747,2,1,4
1748,4,1,8
1749,2,1,4
1750,1,9,4
1751,1,5,2
1752,4,1,8
1753,1,4,5
1754,4,1,2
1755,6,10,8
1756,1,4,5
1757,1,2,4
1758,1,4,8
1759,1,4,5
1760,8,9,10
1761,1,4,2
1762,1,7,5
1763,1,4,5
1764,1,10,4
1765,8,4,10
1766,4,1,2
1767,4,1,2
1768,4,5,10
1769,9,4,1
1770,1,4,5
1771,8,4,1
1772,5,1,4
1773,4,1,8
1774,8,9,4
1775,1,7,10
1776,2,1,4
1777,1,4,7
1778,1,10,2
1779,1,2,4
1780,1,4,2
1781,8,3,1
1782,1,6,5
1783,4,1,5
1784,1,9,5
1785,8,9,1
1786,6,8,1
1787,8,4,1
1788,1,4,2
1789,8,9,1
1790,1,4,5
1791,1,6,2
1792,1,4,8
1793,1,4,2
1794,4,1,2
1795,1,4,2
1796,1,2,4
1797,1,2,4
1798,1,4,7
1799,1,7,2
1800,1,4,2
1801,1,6,5
1802,1,4,2
1803,1,4,5
1804,1,2,9
1805,1,4,2
1806,1,4,2
1807,8,4,1
1808,1,4,5
1809,4,1,5
1810,1,4,5
1811,1,4,5
1812,1,4,2
1813,1,4,7
1814,4,8,1
1815,4,1,9
1816,8,4,9
1817,1,2,3
1818,4,1,8
1819,4,1,7
1820,4,1,5
1821,8,4,1
1822,1,4,2
1823,1,4,2
1824,1,4,2
1825,1,9,2
1826,1,4,7
1827,4,1,2
1828,1,4,2
1829,1,4,2
1830,4,1,5
1831,4,1,2
1832,1,4,2
1833,1,9,4
1834,1,10,4
1835,1,2,10
1836,4,1,5
1837,8,1,4
1838,4,9,1
1839,1,4,2
1840,9,1,5
1841,1,4,5
1842,4,1,8
1843,4,8,9
1844,1,2,4
1845,2,1,4
1846,1,4,2
1847,4,1,9
1848,2,6,1
1849,2,1,4
1850,4,1,2
1851,1,4,7
1852,1,2,4
1853,9,1,4
1854,4,1,2
1855,4,1,3
1856,1,4,6
1857,4,8,1
1858,1,4,2
1859,1,4,5
1860,4,8,1
1861,1,4,2
1862,2,1,5
1863,4,1,8
1864,4,1,3
1865,2,1,4
1866,1,4,2
1867,4,8,1
1868,1,4,5
1869,1,4,2
1870,1,4,5
1871,4,1,5
1872,4,1,2
1873,1,2,4
1874,1,4,7
1875,8,1,9
1876,1,2,10
1877,8,4,9
1878,2,1,4
1879,4,1,2
1880,4,1,5
1881,1,2,10
1882,8,1,4
1883,1,4,2
1884,1,2,4
1885,1,4,2
1886,4,1,2
1887,1,4,8
1888,4,1,8
1889,1,4,9
1890,8,4,9
1891,5,4,1
1892,8,1,4
1893,2,1,4
1894,4,1,8
1895,1,4,5
1896,1,5,4
1897,1,9,2
1898,6,2,4
1899,1,3,6
1900,1,5,2
1901,1,2,4
1902,4,1,2
1903,1,4,2
1904,4,1,6
1905,1,4,2
1906,1,4,5
1907,1,7,4
1908,1,4,2
1909,1,8,9
1910,1,4,7
1911,4,1,6
1912,8,2,1
1913,8,4,1
1914,6,1,4
1915,4,1,8
1916,8,4,1
1917,1,9,4
1918,1,5,4
1919,1,5,4
1920,4,8,9
1921,4,1,8
1922,4,1,5
1923,1,4,2
1924,2,1,4
1925,4,1,3
1926,8,9,1
1927,4,1,2
1928,1,4,5
1929,1,4,5
1930,1,4,3
1931,4,2,5
1932,4,1,9
1933,4,6,1
1934,1,4,2
1935,4,1,3
1936,1,4,9
1937,1,5,4
1938,4,1,9
1939,1,4,8
1940,1,2,5
1941,4,1,2
1942,8,3,1
1943,8,1,4
1944,1,4,9
1945,8,9,4
1946,1,7,4
1947,4,1,8
1948,4,1,5
1949,1,4,2
1950,1,4,9
1951,1,4,2
1952,1,8,9
1953,1,4,5
1954,4,1,5
1955,4,8,1
1956,1,2,5
1957,1,4,7
1958,1,4,6
1959,4,1,2
1960,4,1,2
1961,1,5,4
1962,1,2,8
1963,8,1,9
1964,1,5,4
1965,4,1,5
1966,1,7,4
1967,4,1,2
1968,1,4,5
1969,1,4,7
1970,1,5,4
1971,4,1,2
1972,1,10,2
1973,4,1,9
1974,1,4,5
1975,1,4,2
1976,1,4,9
1977,1,4,5
1978,1,4,9
1979,6,5,1
1980,4,1,5
1981,4,1,3
1982,1,4,7
1983,8,4,1
1984,4,1,5
1985,4,1,5
1986,4,5,1
1987,8,4,1
1988,8,9,2
1989,1,4,5
1990,1,2,4
1991,1,2,8
1992,1,4,2
1993,1,2,4
1994,4,1,5
1995,1,5,4
1996,1,8,4
1997,1,8,9
1998,1,4,5
1999,1,4,8
2000,1,4,2
2001,1,2,8
2002,1,4,2
2003,8,4,9
2004,4,8,10
2005,4,8,10
2006,1,4,2
2007,4,1,9
2008,1,4,2
2009,1,2,4
2010,8,4,10
2011,4,1,7
2012,1,4,2
2013,8,9,4
2014,10,1,4
2015,1,4,9
2016,1,4,2
2017,1,4,2
2018,1,5,4
2019,1,7,4
2020,1,4,3
2021,4,1,2
2022,1,4,10
2023,1,2,10
2024,1,8,5
2025,8,4,9
2026,8,4,10
2027,1,4,5
2028,1,7,4
2029,1,4,5
2030,4,1,10
2031,1,4,5
2032,1,7,4
2033,1,4,2
2034,1,7,10
2035,5,4,1
2036,6,1,4
2037,8,4,2
2038,1,5,4
2039,1,4,2
2040,8,4,1
2041,9,1,2
2042,1,4,8
2043,1,4,2
2044,1,4,2
2045,1,4,5
2046,4,1,9
2047,6,1,4
2048,4,1,9
2049,1,2,4
2050,8,3,2
2051,4,8,1
2052,1,4,2
2053,1,4,2
2054,1,7,4
2055,1,5,4
2056,1,4,2
2057,4,1,5
2058,1,4,2
2059,1,4,2
2060,1,4,5
2061,8,4,9
2062,1,4,2
2063,2,1,4
2064,1,4,3
2065,4,1,2
2066,1,4,2
2067,4,5,1
2068,6,10,1
2069,1,4,2
2070,4,1,5
2071,4,1,9
2072,1,8,4
2073,1,4,2
2074,4,1,2
2075,1,2,4
2076,1,4,2
2077,10,8,1
2078,4,1,6
2079,1,4,2
2080,8,4,1
2081,1,4,3
2082,1,4,7
2083,1,4,7
2084,1,4,5
2085,8,4,1
2086,1,6,10
2087,1,4,7
2088,1,4,5
2089,1,3,5
2090,4,1,2
2091,1,4,6
2092,1,4,5
2093,4,1,10
2094,1,4,2
2095,1,9,4
2096,8,1,4
2097,1,4,5
2098,4,9,8
2099,1,4,3
2100,8,4,9
2101,1,4,2
2102,4,1,2
2103,8,4,1
2104,4,1,5
2105,4,2,1
2106,4,1,8
2107,1,4,2
2108,4,6,8
2109,4,9,1
2110,1,4,2
2111,8,4,1
2112,1,4,9
2113,1,5,4
2114,1,2,4
2115,4,8,10
2116,4,5,1
2117,1,5,2
2118,1,4,3
2119,1,4,2
2120,9,8,2
2121,1,4,2
2122,1,4,2
2123,4,1,5
2124,4,1,5
2125,4,8,1
2126,1,4,5
2127,1,4,5
2128,1,4,2
2129,8,1,4
2130,1,4,7
2131,1,2,4
2132,1,2,4
2133,1,4,3
2134,4,1,5
2135,1,5,2
2136,4,1,8
2137,9,8,1
2138,1,4,7
2139,9,1,8
2140,1,2,4
2141,1,4,2
2142,1,2,4
2143,4,2,1
2144,6,4,1
2145,1,9,4
2146,1,4,5
2147,1,4,8
2148,1,2,3
2149,1,4,2
2150,1,4,5
2151,6,10,1
2152,1,4,2
2153,1,4,5
2154,1,4,2
2155,4,6,1
2156,1,8,4
2157,1,4,2
2158,1,4,2
2159,6,1,10
2160,8,10,4
2161,4,1,3
2162,1,4,5
2163,1,2,4
2164,1,4,9
2165,1,4,8
2166,1,4,2
2167,1,4,8
2168,4,1,2
2169,1,4,5
2170,4,8,1
2171,1,4,8
2172,1,4,2
2173,1,4,2
2174,1,4,5
2175,1,4,8
2176,1,4,2
2177,1,4,9
2178,1,2,6
2179,1,7,2
2180,1,4,8
2181,8,4,1
2182,8,4,9
2183,1,4,2
2184,1,8,4
2185,1,4,2
2186,1,4,5
2187,1,4,2
2188,1,4,5
2189,1,4,5
2190,1,4,7
2191,1,4,2
2192,4,1,5
2193,4,6,1
2194,2,1,4
2195,1,4,2
2196,1,4,5
2197,4,1,5
2198,1,5,2
2199,1,2,4
2200,4,1,9
2201,6,4,1
2202,4,1,5
2203,4,1,5
2204,1,4,2
2205,1,6,4
2206,1,4,2
2207,1,4,3
2208,4,9,8
2209,4,1,5
2210,4,1,2
2211,1,4,3
2212,1,5,2
2213,1,2,4
2214,4,8,6
2215,8,4,1
2216,1,4,7
2217,1,4,5
2218,1,4,7
2219,4,6,1
2220,1,4,5
2221,1,4,2
2222,9,10,8
2223,5,1,2
2224,4,1,5
2225,1,7,2
2226,1,4,2
2227,1,4,2
2228,1,5,4
2229,1,5,9
2230,1,5,4
2231,1,4,7
2232,4,1,8
2233,1,4,3
2234,1,4,7
2235,1,4,10
2236,4,1,3
2237,1,4,5
2238,1,4,9
2239,4,1,2
2240,1,4,2
2241,4,1,5
2242,8,5,1
2243,1,4,6
2244,4,1,8
2245,1,4,5
2246,2,1,9
2247,1,4,7
2248,1,2,4
2249,1,2,3
2250,8,4,9
2251,8,9,4
2252,4,8,9
2253,4,1,2
2254,9,2,4
2255,1,4,9
2256,4,1,2
2257,1,2,4
2258,1,4,2
2259,2,1,4
2260,1,9,4
2261,1,2,4
2262,4,1,8
2263,4,1,9
2264,4,1,2
2265,4,1,2
2266,4,9,1
2267,1,2,4
2268,1,4,3
2269,4,1,5
2270,1,4,5
2271,1,2,4
2272,1,2,4
2273,4,1,5
2274,4,1,8
2275,9,4,1
2276,1,4,2
2277,1,2,9
2278,1,2,4
2279,1,2,4
2280,1,4,10
2281,4,8,1
2282,8,9,4
2283,4,1,3
2284,1,4,2
2285,2,1,10
2286,4,1,2
2287,4,8,1
2288,4,1,2
2289,4,9,8
2290,1,4,3
2291,4,1,5
2292,1,5,4
2293,4,1,8
2294,1,4,2
2295,1,4,10
2296,1,4,2
2297,4,1,8
2298,4,1,2
2299,1,4,3
2300,4,1,2
2301,4,6,5
2302,8,9,4
2303,1,4,5
2304,1,2,4
2305,8,1,4
2306,1,4,2
2307,1,4,9
2308,4,1,5
2309,1,4,2
2310,1,3,7
2311,4,1,6
2312,1,2,10
2313,1,4,3
2314,4,1,2
2315,8,9,6
2316,4,8,9
2317,1,4,7
2318,1,4,2
2319,1,5,4
2320,1,4,5
2321,1,8,4
2322,4,1,5
2323,4,1,2
2324,1,4,2
2325,1,4,2
2326,1,2,4
2327,4,1,5
2328,1,2,4
2329,1,4,5
2330,2,1,4
2331,4,1,8
2332,1,4,2
2333,1,4,2
2334,1,4,5
2335,1,2,4
2336,4,1,5
2337,1,4,2
2338,1,4,9
2339,1,4,2
2340,3,8,5
2341,1,2,4
2342,4,1,9
2343,1,2,4
2344,8,10,9
2345,1,7,4
2346,1,4,8
2347,8,4,1
2348,1,4,5
2349,2,1,4
2350,1,4,2
2351,4,1,8
2352,4,5,1
2353,8,1,4
2354,6,5,4
2355,1,4,2
2356,1,4,5
2357,1,3,7
2358,4,1,2
2359,4,1,8
2360,4,10,5
2361,1,10,8
2362,8,1,9
2363,9,4,1
2364,8,9,1
2365,1,4,10
2366,4,1,2
2367,1,4,7
2368,1,5,4
2369,1,4,2
2370,4,1,7
2371,4,1,2
2372,1,4,2
2373,1,9,5
2374,1,2,8
2375,8,1,4
2376,1,4,2
2377,1,4,3
2378,1,4,2
2379,1,4,2
2380,1,4,8
2381,1,2,5
2382,1,4,2
2383,1,4,2
2384,1,4,2
2385,1,4,9
2386,6,8,4
2387,4,1,5
2388,1,2,9
2389,1,4,5
2390,1,4,2
2391,1,4,2
2392,1,2,4
2393,8,1,9
2394,1,4,2
2395,1,10,4
2396,1,4,5
2397,1,2,4
2398,8,9,1
2399,1,4,5
2400,1,2,4
2401,1,2,4
2402,1,6,4
2403,1,8,4
2404,10,1,8
2405,1,2,4
2406,1,5,4
2407,1,5,2
2408,2,1,4
2409,4,5,2
2410,1,6,5
2411,1,4,2
2412,8,1,4
2413,1,2,4
2414,4,1,6
2415,9,1,8
2416,1,4,2
2417,1,4,5
2418,8,9,1
2419,6,1,8
2420,8,1,2
2421,4,1,2
2422,1,4,5
2423,8,9,4
2424,4,1,2
2425,1,8,3
2426,1,2,8
2427,2,8,4
2428,4,8,1
2429,1,4,2
2430,9,8,4
2431,8,6,4
2432,1,4,2
2433,1,4,5
2434,1,8,2
2435,1,2,10
2436,4,1,2
2437,4,10,9
2438,1,4,5
2439,1,4,2
2440,1,4,5
2441,1,4,2
2442,1,2,5
2443,1,4,5
2444,4,1,5
2445,8,4,9
2446,1,4,5
2447,4,1,2
2448,4,1,7
2449,4,1,5
2450,1,4,7
2451,1,4,2
2452,1,4,2
2453,8,9,5
2454,8,1,4
2455,9,4,1
2456,8,4,2
2457,1,4,5
2458,1,4,7
2459,1,4,2
2460,4,8,9
2461,1,5,3
2462,8,9,1
2463,1,4,2
2464,1,4,2
2465,1,4,2
2466,1,4,2
2467,1,4,5
2468,4,1,10
2469,4,1,9
2470,2,1,4
2471,1,4,3
2472,8,4,1
2473,1,4,5
2474,1,4,3
2475,4,1,7
2476,4,1,5
2477,10,1,4
2478,1,4,5
2479,1,4,2
2480,1,4,9
2481,1,4,2
2482,1,4,2
2483,8,4,1
2484,4,8,1
2485,1,5,4
2486,4,8,1
2487,1,4,5
2488,1,4,5
2489,1,2,4
2490,8,4,1
2491,1,10,5
2492,1,4,5
2493,1,4,9
2494,1,4,5
2495,1,3,5
2496,1,4,3
2497,1,4,5
2498,1,7,3
2499,1,4,5
2500,1,2,10
2501,1,4,3
2502,1,2,4
2503,8,4,1
2504,1,2,5
2505,8,9,4
2506,4,1,10
2507,1,4,5
2508,1,4,5
2509,4,1,6
2510,1,4,2
2511,1,4,2
2512,1,4,2
2513,1,2,4
2514,4,8,1
2515,1,4,9
2516,1,2,10
2517,1,4,5
2518,1,2,5
2519,2,1,4
2520,1,4,6
2521,1,5,4
2522,1,2,4
2523,1,4,2
2524,8,4,1
2525,4,1,5
2526,1,4,3
2527,1,4,2
2528,1,4,2
2529,1,2,4
2530,4,1,7
2531,1,4,2
2532,4,1,8
2533,8,4,6
2534,1,5,4
2535,1,4,2
2536,6,8,4
2537,4,8,10
2538,1,4,5
2539,5,1,4
2540,1,4,5
2541,1,4,2
2542,1,4,5
2543,1,4,2
2544,1,4,2
2545,4,1,5
2546,1,2,4
2547,4,8,1
2548,2,10,8
2549,1,4,5
2550,1,2,4
2551,1,4,5
2552,4,1,5
2553,1,5,4
2554,1,4,2
2555,8,9,4
2556,1,3,4
2557,2,1,6
2558,1,4,5
2559,1,2,4
2560,1,2,4
2561,8,1,4
2562,1,4,2
2563,1,2,4
2564,8,4,1
2565,1,4,5
2566,1,4,2
2567,6,10,1
2568,1,4,3
2569,4,1,5
2570,1,4,2
2571,10,2,1
2572,1,4,3
2573,1,2,4
2574,6,4,1
2575,1,4,5
2576,1,4,5
2577,1,4,5
2578,1,4,2
2579,9,10,8
2580,4,1,2
2581,1,9,4
2582,1,5,4
2583,9,4,1
2584,4,1,2
2585,8,1,4
2586,2,1,4
2587,2,1,4
2588,4,8,1
2589,1,4,5
2590,1,4,7
2591,4,1,7
2592,1,4,5
2593,1,4,8
2594,1,4,2
2595,4,1,8
2596,1,5,4
2597,5,4,1
2598,1,4,5
2599,1,4,2
2600,1,2,4
2601,1,4,2
2602,4,1,8
2603,6,4,1
2604,5,4,1
2605,1,4,7
2606,1,2,10
2607,1,4,7
2608,1,10,9
2609,1,4,2
2610,1,4,3
2611,1,4,2
2612,4,1,2
2613,4,1,7
2614,1,4,5
2615,1,5,4
2616,4,1,8
2617,1,3,6
2618,1,2,4
2619,4,1,9
2620,1,4,5
2621,1,4,7
2622,1,4,2
2623,1,4,5
2624,4,8,2
2625,1,4,5
2626,5,9,1
2627,4,1,9
2628,10,4,8
2629,6,8,1
2630,1,4,10
2631,4,1,5
2632,4,1,10
2633,1,4,2
2634,1,2,4
2635,1,5,3
2636,1,4,2
2637,8,4,1
2638,1,2,4
2639,1,2,4
2640,1,5,10
2641,1,4,2
2642,1,4,3
