,Rank_1,Rank_2,Rank_3
0,4,1,5
1,1,4,5
2,1,4,2
3,1,4,5
4,1,4,5
5,4,1,5
6,4,1,8
7,1,2,4
8,1,4,2
9,4,1,2
10,1,4,2
11,1,4,2
12,1,4,5
13,4,8,1
14,1,4,2
15,8,9,10
16,6,1,10
17,1,4,2
18,6,1,8
19,4,1,8
20,1,4,2
21,1,4,6
22,1,2,4
23,1,8,10
24,1,4,5
25,8,4,9
26,1,4,5
27,1,4,5
28,1,2,4
29,1,2,4
30,1,4,6
31,8,1,4
32,1,2,4
33,1,4,5
34,8,4,9
35,1,4,6
36,1,4,2
37,8,4,1
38,1,4,5
39,4,1,5
40,4,1,5
41,1,4,2
42,8,4,1
43,1,4,2
44,1,4,2
45,1,7,4
46,1,4,9
47,1,4,5
48,1,4,2
49,1,4,2
50,1,4,2
51,1,4,2
52,1,2,4
53,1,2,4
54,1,4,2
55,8,4,9
56,4,6,1
57,1,4,2
58,8,9,6
59,1,4,2
60,1,2,4
61,1,4,5
62,1,4,2
63,1,4,5
64,1,4,2
65,1,4,2
66,1,4,2
67,1,2,4
68,1,4,2
69,1,5,9
70,1,4,5
71,1,4,5
72,1,4,2
73,8,1,10
74,1,4,2
75,8,9,6
76,6,1,5
77,4,1,5
78,1,4,5
79,4,1,8
80,1,4,2
81,4,1,2
82,1,4,2
83,1,4,2
84,1,4,10
85,4,1,8
86,1,6,8
87,1,4,7
88,1,4,2
89,1,4,2
90,1,4,5
91,4,1,5
92,1,4,2
93,4,1,2
94,1,4,2
95,4,1,5
96,1,4,2
97,1,4,5
98,1,5,4
99,1,4,2
100,1,4,5
101,1,2,4
102,1,4,2
103,4,1,2
104,1,2,7
105,1,4,2
106,4,8,1
107,1,4,2
108,1,4,6
109,1,4,2
110,1,4,2
111,1,4,2
112,1,2,4
113,1,4,2
114,1,4,2
115,1,4,5
116,1,4,5
117,4,1,8
118,1,4,2
119,1,4,2
120,1,4,2
121,1,2,10
122,1,4,5
123,1,4,2
124,8,4,1
125,1,4,2
126,8,1,9
127,1,4,2
128,1,4,5
129,1,4,5
130,1,4,2
131,1,4,2
132,8,9,1
133,1,4,2
134,1,4,6
135,4,1,5
136,1,4,2
137,1,4,2
138,1,4,2
139,1,2,4
140,4,1,9
141,1,4,2
142,1,4,2
143,1,4,5
144,1,4,5
145,1,4,2
146,1,4,2
147,4,1,6
148,1,4,2
149,1,4,2
150,1,4,6
151,1,4,2
152,1,4,5
153,6,1,10
154,8,4,1
155,1,4,2
156,1,6,4
157,8,9,1
158,1,7,4
159,1,4,2
160,4,1,2
161,1,4,2
162,1,4,5
163,1,4,2
164,1,4,2
165,1,4,5
166,1,4,5
167,1,4,8
168,8,4,1
169,1,4,2
170,1,4,2
171,1,4,2
172,8,4,9
173,1,4,2
174,1,4,8
175,6,1,4
176,1,4,10
177,1,4,2
178,1,4,2
179,1,5,2
180,1,2,4
181,1,2,7
182,4,1,8
183,4,1,2
184,1,4,2
185,1,2,4
186,4,1,2
187,4,1,5
188,1,4,7
189,1,2,4
190,1,4,2
191,1,4,2
192,8,9,1
193,1,4,2
194,1,4,5
195,1,4,5
196,4,1,8
197,1,5,6
198,8,1,9
199,1,4,2
200,1,4,2
201,1,4,2
202,1,4,2
203,1,4,8
204,1,4,2
205,1,4,9
206,1,4,2
207,1,2,4
208,1,4,8
209,1,4,2
210,1,2,4
211,1,4,5
212,1,4,5
213,1,4,5
214,4,1,2
215,4,1,6
216,8,4,1
217,8,1,9
218,1,4,2
219,1,4,5
220,4,8,1
221,1,4,2
222,1,4,2
223,8,4,9
224,4,8,6
225,4,1,5
226,1,4,2
227,1,4,2
228,1,4,2
229,1,4,7
230,6,1,8
231,1,4,7
232,6,1,10
233,1,8,4
234,1,4,2
235,8,4,9
236,1,2,4
237,1,2,4
238,1,4,8
239,1,2,4
240,1,4,2
241,1,4,2
242,1,4,5
243,1,4,6
244,1,4,5
245,1,4,5
246,8,1,4
247,6,1,10
248,1,4,5
249,8,9,1
250,8,9,4
251,1,4,5
252,1,2,4
253,1,2,4
254,1,4,5
255,4,1,5
256,4,1,8
257,1,4,2
258,4,1,5
259,1,4,2
260,1,4,2
261,1,4,5
262,1,6,4
263,1,4,2
264,4,1,3
265,1,4,2
266,4,5,1
267,1,2,4
268,1,4,5
269,1,4,2
270,1,4,2
271,1,4,2
272,4,1,5
273,4,1,2
274,4,1,9
275,4,1,2
276,1,4,2
277,1,2,4
278,8,1,4
279,1,4,2
280,9,8,6
281,1,6,4
282,1,4,5
283,1,4,2
284,1,6,4
285,1,4,2
286,1,4,5
287,1,2,5
288,1,4,2
289,1,4,5
290,1,4,9
291,1,2,4
292,1,4,2
293,1,2,10
294,4,1,8
295,1,4,2
296,1,4,2
297,1,4,2
298,1,2,10
299,1,4,5
300,1,4,9
301,1,4,9
302,4,1,5
303,1,5,2
304,1,4,2
305,1,4,8
306,1,4,5
307,1,4,5
308,1,4,2
309,8,6,4
310,1,4,2
311,8,4,1
312,1,4,2
313,8,1,9
314,4,1,2
315,1,2,4
316,1,4,7
317,1,2,5
318,6,4,1
319,4,1,2
320,1,4,5
321,1,2,4
322,1,4,2
323,1,5,6
324,1,2,4
325,8,9,4
326,1,4,2
327,1,4,2
328,1,4,7
329,1,2,7
330,1,2,4
331,8,4,9
332,1,4,2
333,1,4,2
334,1,4,2
335,8,4,1
336,1,5,2
337,1,5,9
338,1,4,5
339,1,4,2
340,1,4,6
341,1,4,8
342,1,7,2
343,1,8,4
344,1,2,7
345,1,10,4
346,1,5,4
347,1,4,2
348,1,4,2
349,1,2,4
350,1,4,2
351,1,4,2
352,1,2,4
353,8,1,4
354,4,1,6
355,1,2,6
356,4,1,2
357,1,4,5
358,1,2,4
359,1,4,5
360,1,4,5
361,1,2,4
362,1,4,2
363,1,2,4
364,1,7,4
365,4,1,5
366,1,2,4
367,1,4,5
368,1,4,2
369,4,8,1
370,1,4,2
371,1,4,2
372,4,1,5
373,4,1,2
374,1,6,10
375,1,4,2
376,1,2,4
377,1,4,2
378,8,9,4
379,1,4,6
380,4,1,2
381,1,2,4
382,4,1,5
383,4,1,5
384,1,4,5
385,8,4,9
386,1,2,4
387,1,4,2
388,1,8,4
389,1,4,5
390,1,4,5
391,4,1,5
392,4,1,2
393,1,4,2
394,6,1,4
395,1,4,5
396,4,1,2
397,1,4,5
398,1,4,2
399,8,4,1
400,4,1,8
401,1,4,2
402,1,8,4
403,8,4,1
404,1,4,5
405,1,4,5
406,1,4,2
407,1,4,2
408,1,8,4
409,1,4,5
410,1,4,5
411,1,9,4
412,1,2,4
413,1,2,4
414,1,4,2
415,1,4,2
416,1,4,5
417,1,2,6
418,1,4,5
419,1,5,2
420,4,1,5
421,1,4,5
422,1,4,5
423,4,8,1
424,1,4,2
425,4,1,8
426,1,4,6
427,4,1,5
428,1,4,5
429,1,4,9
430,1,4,2
431,8,9,4
432,1,4,7
433,1,4,2
434,1,4,8
435,4,1,9
436,1,4,5
437,1,4,5
438,1,4,2
439,4,1,2
440,1,2,4
441,1,4,5
442,4,1,2
443,1,4,5
444,1,4,7
445,1,2,4
446,1,4,2
447,4,1,8
448,4,8,1
449,1,9,2
450,1,4,5
451,1,4,9
452,4,1,5
453,1,4,2
454,1,4,8
455,6,1,10
456,8,9,4
457,1,4,2
458,1,4,5
459,4,1,5
460,1,4,2
461,1,4,5
462,4,1,8
463,1,2,4
464,1,6,4
465,4,1,8
466,1,4,5
467,1,4,2
468,1,2,9
469,8,9,4
470,1,4,9
471,1,4,5
472,4,1,5
473,1,4,8
474,1,2,4
475,1,4,5
476,1,4,5
477,1,4,5
478,1,8,4
479,1,4,6
480,1,4,2
481,1,6,5
482,1,4,5
483,1,4,2
484,1,4,2
485,4,1,5
486,1,4,2
487,4,1,2
488,1,5,2
489,8,4,1
490,4,1,5
491,1,4,6
492,1,4,7
493,1,4,5
494,1,2,4
495,1,4,2
496,1,4,5
497,1,4,5
498,8,9,6
499,8,4,9
500,1,4,2
501,4,1,5
502,4,1,6
503,1,4,5
504,1,4,5
505,8,9,4
506,1,4,5
507,6,4,8
508,1,4,2
509,1,7,4
510,1,4,6
511,6,8,1
512,1,4,2
513,4,8,1
514,1,2,4
515,1,4,2
516,1,4,2
517,1,4,5
518,1,4,2
519,1,4,2
520,4,1,2
521,4,1,5
522,1,4,9
523,4,1,8
524,1,4,2
525,8,4,9
526,4,1,8
527,1,4,2
528,1,4,5
529,1,4,2
530,4,1,2
531,8,4,1
532,1,4,5
533,1,4,2
534,1,4,2
535,1,4,5
536,1,2,4
537,4,1,5
538,1,4,2
539,1,2,4
540,1,4,8
541,4,1,8
542,1,4,5
543,1,2,4
544,1,2,4
545,1,4,5
546,1,4,2
547,1,4,6
548,1,4,5
549,1,4,2
550,1,4,2
551,1,4,2
552,4,8,1
553,1,4,2
554,4,9,8
555,4,8,1
556,1,4,5
557,1,5,2
558,1,4,2
559,1,4,3
560,1,2,7
561,4,1,8
562,1,4,5
563,1,2,4
564,8,4,1
565,4,1,8
566,4,1,5
567,1,9,8
568,1,8,4
569,1,4,2
570,1,4,7
571,4,1,8
572,1,4,2
573,1,4,2
574,1,7,2
575,1,2,4
576,4,1,5
577,1,4,2
578,4,1,2
579,4,1,5
580,1,4,2
581,1,4,2
582,1,4,2
583,4,1,5
584,1,2,4
585,4,1,5
586,4,1,2
587,1,2,4
588,1,4,2
589,1,4,2
590,4,8,1
591,1,4,3
592,1,2,4
593,1,4,2
594,1,2,4
595,1,4,6
596,1,4,2
597,4,1,2
598,1,4,2
599,1,2,4
600,4,1,5
601,8,4,1
602,1,4,2
603,4,1,8
604,1,4,2
605,1,6,10
606,4,1,8
607,8,9,4
608,1,4,2
609,1,4,6
610,1,4,5
611,1,4,2
612,1,4,2
613,1,4,5
614,1,4,2
615,1,4,2
616,4,1,5
617,4,1,5
618,1,4,2
619,8,9,4
620,1,4,5
621,1,4,2
622,8,9,4
623,8,9,4
624,1,4,5
625,1,4,2
626,1,4,2
627,8,1,4
628,1,4,2
629,1,4,2
630,4,1,5
631,4,1,8
632,1,7,4
633,1,4,2
634,1,4,5
635,1,2,4
636,1,4,8
637,1,4,6
638,1,4,2
639,1,2,4
640,1,4,6
641,1,4,2
642,1,4,5
643,1,2,4
644,1,4,2
645,1,4,5
646,1,4,8
647,1,4,5
648,1,5,2
649,8,9,4
650,4,1,5
651,8,9,1
652,1,4,2
653,1,6,7
654,1,8,4
655,1,2,4
656,8,9,4
657,1,4,2
658,4,1,8
659,1,4,2
660,1,2,4
661,1,4,5
662,8,1,4
663,4,1,2
664,1,4,2
665,1,4,5
666,1,4,2
667,4,1,2
668,1,2,4
669,1,2,4
670,8,9,4
671,1,4,7
672,1,4,2
673,1,5,4
674,1,4,2
675,4,8,1
676,1,4,9
677,1,4,2
678,1,4,9
679,1,4,6
680,4,1,5
681,8,9,4
682,1,4,5
683,1,4,5
684,1,4,2
685,1,4,2
686,6,1,4
687,1,4,2
688,4,1,2
689,1,4,2
690,1,4,2
691,1,4,2
692,1,4,2
693,9,8,10
694,1,2,8
695,4,1,8
696,1,6,5
697,1,4,2
698,1,4,2
699,1,9,4
700,1,2,4
701,1,4,5
702,4,1,5
703,1,4,2
704,1,4,8
705,1,4,10
706,4,1,5
707,4,1,5
708,1,4,2
709,1,4,2
710,1,4,5
711,1,4,5
712,4,1,5
713,1,4,2
714,1,4,5
715,1,4,2
716,4,1,3
717,1,4,2
718,1,4,2
719,1,6,4
720,1,2,8
721,5,1,6
722,4,1,5
723,1,2,4
724,1,4,2
725,1,4,2
726,4,1,5
727,1,6,7
728,4,1,5
729,4,1,8
730,4,1,2
731,1,4,5
732,1,4,2
733,1,10,2
734,6,1,4
735,1,4,2
736,4,1,5
737,1,4,2
738,4,1,5
739,8,1,4
740,8,4,9
741,1,4,2
742,4,1,5
743,1,7,4
744,1,2,4
745,1,4,2
746,1,4,2
747,1,4,5
748,1,4,2
749,1,4,8
750,4,8,1
751,1,4,5
752,1,2,9
753,8,4,1
754,1,4,2
755,1,4,2
756,1,4,2
757,1,4,2
758,1,4,5
759,1,4,2
760,1,4,2
761,4,1,5
762,1,4,2
763,1,4,2
764,1,2,8
765,1,9,10
766,1,4,2
767,1,4,5
768,1,5,4
769,1,4,2
770,1,4,2
771,1,4,2
772,1,4,2
773,1,4,6
774,1,4,2
775,1,4,2
776,1,4,2
777,1,2,4
778,1,4,5
779,8,4,1
780,8,4,1
781,1,4,7
782,1,4,5
783,1,2,4
784,1,2,4
785,1,4,2
786,1,5,4
787,1,4,2
788,4,1,2
789,1,5,4
790,1,2,4
791,1,4,2
792,8,4,9
793,1,4,5
794,1,4,2
795,1,4,2
796,8,4,9
797,8,4,1
798,1,6,10
799,4,1,2
800,1,4,2
801,1,4,2
802,1,4,5
803,1,2,4
804,1,4,5
805,1,4,5
806,1,2,4
807,1,4,8
808,1,2,4
809,4,1,5
810,1,4,9
811,1,4,5
812,4,1,5
813,1,4,2
814,1,4,2
815,1,7,2
816,1,4,2
817,1,4,2
818,4,1,2
819,1,4,2
820,1,4,5
821,4,1,5
822,4,1,5
823,1,4,2
824,1,4,5
825,1,8,9
826,8,4,1
827,1,4,5
828,1,4,2
829,1,4,2
830,1,4,2
831,4,1,5
832,4,8,1
833,1,4,2
834,1,4,9
835,1,4,5
836,1,4,10
837,1,4,2
838,1,4,2
839,1,4,2
840,1,4,2
841,1,4,2
842,4,1,8
843,1,4,2
844,1,4,2
845,4,1,8
846,4,1,8
847,1,4,2
848,1,4,10
849,4,1,5
850,1,5,4
851,4,1,2
852,4,1,5
853,1,4,5
854,1,4,2
855,4,1,5
856,8,4,9
857,1,4,2
858,1,4,5
859,1,4,5
860,1,2,4
861,8,9,4
862,8,4,9
863,1,4,2
864,1,4,2
865,1,4,2
866,1,4,2
867,1,4,5
868,1,4,5
869,4,1,5
870,1,4,2
871,1,4,9
872,1,4,2
873,1,4,2
874,4,1,9
875,1,5,4
876,1,2,4
877,1,4,2
878,1,4,8
879,8,4,9
880,4,1,6
881,1,5,2
882,8,4,1
883,1,4,7
884,1,4,7
885,1,4,2
886,1,4,5
887,1,2,4
888,4,1,5
889,4,1,8
890,1,4,2
891,1,4,5
892,1,2,4
893,1,4,6
894,1,4,5
895,1,4,7
896,1,4,7
897,1,4,7
898,1,2,5
899,1,4,2
900,1,2,7
901,1,4,5
902,1,4,2
903,1,4,2
904,1,4,2
905,4,1,5
906,1,4,2
907,1,4,2
908,1,2,4
909,8,9,1
910,4,1,2
911,1,2,4
912,1,8,9
913,1,4,2
914,4,1,8
915,1,2,4
916,1,4,2
917,4,1,9
918,1,4,5
919,1,2,4
920,1,4,2
921,1,4,3
922,1,4,2
923,1,5,4
924,8,9,4
925,4,1,2
926,4,1,2
927,1,2,7
928,1,4,5
929,1,4,2
930,1,4,5
931,1,4,5
932,8,4,1
933,6,1,4
934,4,1,2
935,1,4,2
936,1,4,2
937,1,4,5
938,1,2,4
939,1,4,2
940,4,8,1
941,4,1,2
942,1,4,2
943,4,1,5
944,1,4,5
945,1,4,2
946,1,4,7
947,1,4,2
948,1,4,2
949,1,4,5
950,1,2,4
951,1,4,2
952,4,1,8
953,8,4,1
954,8,1,10
955,1,4,2
956,4,1,8
957,1,4,6
958,1,4,2
959,1,2,4
960,1,4,2
961,1,4,2
962,1,4,2
963,1,4,5
964,1,4,2
965,1,2,4
966,1,4,2
967,6,1,4
968,1,4,2
969,1,4,2
970,8,4,9
971,1,4,2
972,1,4,2
973,1,4,2
974,8,4,1
975,1,4,5
976,1,2,4
977,4,8,1
978,4,1,8
979,1,4,2
980,6,1,4
981,1,4,2
982,1,4,2
983,1,4,7
984,1,4,5
985,1,7,4
986,4,1,5
987,1,4,6
988,1,6,5
989,1,4,5
990,1,4,2
991,1,2,4
992,1,2,4
993,4,1,2
994,8,9,4
995,8,4,1
996,1,4,2
997,1,4,2
998,1,4,2
999,1,4,7
1000,1,4,6
1001,1,4,5
1002,4,1,8
1003,4,8,1
1004,1,4,5
1005,1,2,4
1006,4,6,1
1007,1,4,2
1008,1,4,5
1009,1,8,4
1010,1,4,10
1011,1,2,4
1012,1,4,5
1013,1,4,6
1014,1,4,5
1015,1,5,4
1016,1,2,10
1017,1,4,5
1018,1,4,2
1019,4,1,8
1020,4,1,2
1021,1,2,4
1022,1,2,4
1023,1,4,8
1024,1,4,7
1025,1,2,9
1026,1,4,5
1027,1,4,5
1028,4,1,5
1029,1,4,2
1030,8,4,1
1031,1,5,2
1032,1,4,6
1033,4,1,2
1034,1,4,6
1035,8,4,9
1036,1,4,2
1037,4,1,5
1038,4,1,2
1039,6,1,9
1040,1,4,5
1041,1,4,2
1042,4,8,1
1043,8,10,1
1044,1,4,5
1045,1,4,5
1046,1,2,4
1047,4,8,1
1048,8,4,9
1049,4,1,5
1050,1,4,5
1051,1,4,2
1052,1,4,10
1053,1,4,10
1054,4,1,5
1055,4,8,1
1056,1,2,4
1057,1,2,4
1058,1,4,2
1059,1,4,2
1060,1,4,5
1061,1,4,5
1062,4,1,5
1063,4,1,8
1064,8,4,1
1065,8,4,1
1066,1,4,5
1067,1,4,5
1068,8,4,1
1069,1,4,2
1070,1,4,7
1071,1,7,4
1072,4,8,1
1073,1,4,5
1074,1,6,8
1075,1,4,2
1076,1,4,7
1077,1,4,2
1078,1,4,10
1079,1,4,2
1080,4,1,2
1081,1,2,4
1082,1,2,4
1083,1,9,5
1084,4,1,2
1085,1,4,5
1086,4,1,5
1087,1,4,2
1088,1,4,2
1089,1,4,2
1090,4,8,1
1091,4,1,5
1092,8,4,1
1093,1,5,4
1094,1,2,5
1095,6,1,4
1096,1,2,4
1097,1,4,2
1098,1,4,8
1099,1,4,2
1100,8,4,9
1101,1,4,7
1102,1,4,2
1103,4,1,5
1104,8,4,9
1105,1,4,5
1106,1,4,2
1107,1,4,8
1108,1,4,2
1109,1,4,6
1110,1,4,2
1111,4,1,5
1112,1,2,4
1113,1,4,2
1114,1,4,2
1115,4,1,5
1116,4,1,2
1117,1,7,2
1118,4,1,8
1119,4,1,2
1120,1,4,2
1121,1,4,5
1122,1,4,2
1123,1,6,4
1124,4,8,1
1125,1,4,2
1126,4,1,5
1127,1,4,7
1128,1,4,2
1129,8,9,10
1130,1,4,2
1131,1,9,4
1132,1,2,4
1133,4,1,8
1134,1,4,2
1135,1,4,5
1136,4,1,2
1137,8,4,1
1138,1,5,2
1139,4,1,8
1140,1,6,10
1141,1,2,4
1142,1,2,10
1143,1,4,2
1144,1,4,5
1145,1,4,2
1146,1,4,2
1147,1,4,2
1148,1,4,5
1149,1,4,2
1150,1,4,6
1151,1,4,2
1152,1,2,4
1153,1,4,6
1154,1,2,4
1155,1,4,2
1156,1,2,7
1157,1,4,2
1158,1,4,2
1159,1,4,2
1160,8,6,9
1161,1,4,2
1162,1,4,5
1163,4,1,5
1164,1,4,5
1165,4,1,5
1166,1,4,2
1167,1,2,4
1168,1,4,5
1169,1,4,2
1170,1,4,2
1171,1,4,6
1172,1,4,5
1173,8,4,9
1174,4,1,9
1175,1,4,2
1176,1,6,4
1177,1,4,2
1178,1,4,5
1179,4,1,8
1180,4,1,2
1181,1,2,5
1182,1,4,5
1183,1,8,9
1184,1,4,2
1185,1,4,5
1186,8,9,10
1187,1,4,5
1188,1,4,2
1189,1,4,5
1190,1,4,5
1191,1,2,4
1192,1,4,5
1193,1,6,5
1194,4,8,1
1195,1,4,2
1196,1,2,4
1197,1,4,8
1198,1,2,4
1199,1,4,8
1200,1,4,2
1201,1,4,5
1202,4,1,5
1203,1,4,2
1204,1,4,5
1205,4,1,5
1206,1,4,2
1207,1,4,2
1208,1,4,7
1209,1,2,4
1210,1,4,5
1211,1,4,5
1212,1,4,2
1213,1,4,7
1214,1,4,2
1215,1,4,2
1216,4,1,9
1217,1,2,4
1218,4,5,1
1219,1,2,4
1220,1,2,4
1221,1,4,9
1222,1,2,4
1223,4,8,1
1224,4,1,2
1225,1,4,2
1226,6,8,9
1227,1,4,5
1228,4,1,8
1229,1,4,2
1230,1,4,2
1231,1,4,6
1232,1,4,2
1233,1,4,2
1234,1,2,4
1235,1,2,4
1236,1,5,2
1237,1,4,5
1238,1,4,5
1239,1,4,2
1240,1,4,7
1241,1,4,2
1242,1,4,5
1243,1,4,5
1244,1,4,2
1245,8,4,1
1246,1,4,7
1247,1,4,2
1248,1,4,5
1249,8,4,9
1250,4,1,6
1251,8,4,9
1252,1,2,4
1253,8,9,4
1254,4,1,5
1255,1,4,5
1256,1,4,2
1257,1,4,2
1258,1,4,2
1259,1,4,5
1260,8,4,1
1261,4,1,5
1262,8,1,9
1263,1,4,2
1264,4,1,8
1265,1,4,2
1266,1,7,2
1267,4,1,5
1268,4,1,2
1269,1,4,2
1270,1,4,6
1271,1,4,2
1272,4,1,5
1273,1,4,5
1274,1,2,4
1275,1,2,7
1276,1,4,5
1277,4,1,2
1278,4,1,5
1279,1,4,2
1280,1,4,2
1281,1,4,5
1282,1,4,2
1283,4,1,2
1284,1,2,4
1285,1,4,2
1286,4,1,5
1287,1,4,2
1288,1,4,2
1289,1,4,7
1290,1,4,2
1291,1,4,6
1292,4,1,6
1293,4,1,5
1294,1,4,6
1295,1,4,2
1296,4,1,5
1297,4,1,5
1298,1,2,7
1299,1,4,5
1300,1,2,4
1301,1,4,9
1302,4,1,8
1303,1,6,4
1304,1,4,5
1305,1,2,4
1306,1,4,3
1307,4,1,8
1308,8,1,4
1309,1,4,2
1310,4,1,5
1311,1,2,4
1312,1,4,2
1313,1,4,2
1314,8,4,9
1315,1,4,5
1316,1,4,5
1317,1,4,9
1318,8,4,1
1319,1,4,2
1320,4,1,5
1321,1,4,2
1322,1,4,2
1323,8,4,1
1324,1,4,2
1325,1,4,5
1326,1,4,9
1327,4,1,2
1328,1,4,7
1329,8,1,9
1330,1,4,2
1331,1,4,2
1332,1,4,7
1333,1,4,5
1334,1,4,2
1335,1,10,2
1336,4,1,8
1337,4,1,8
1338,4,1,8
1339,4,1,8
1340,1,4,2
1341,1,2,4
1342,1,4,5
1343,1,4,2
1344,1,4,2
1345,1,4,2
1346,9,1,8
1347,1,4,2
1348,8,1,9
1349,4,1,5
1350,1,4,2
1351,1,4,2
1352,4,8,1
1353,1,4,8
1354,1,4,2
1355,1,4,2
1356,1,4,2
1357,1,4,6
1358,1,4,2
1359,8,9,6
1360,9,8,1
1361,4,1,6
1362,4,1,8
1363,1,4,5
1364,4,1,8
1365,1,4,5
1366,4,1,5
1367,1,4,2
1368,1,4,2
1369,1,4,2
1370,1,2,4
1371,1,4,5
1372,1,2,4
1373,1,4,5
1374,1,4,2
1375,1,4,2
1376,1,4,5
1377,1,2,4
1378,1,4,2
1379,1,4,2
1380,1,4,2
1381,1,4,2
1382,1,2,4
1383,1,6,4
1384,1,4,6
1385,1,4,5
1386,1,4,5
1387,1,4,6
1388,1,4,2
1389,1,2,4
1390,1,4,6
1391,1,4,8
1392,1,8,4
1393,1,2,4
1394,1,4,2
1395,4,1,8
1396,1,4,7
1397,1,4,2
1398,1,4,6
1399,1,4,2
1400,1,4,2
1401,1,4,5
1402,4,1,5
1403,1,4,2
1404,8,4,9
1405,1,8,4
1406,1,4,2
1407,1,4,2
1408,1,9,2
1409,1,2,4
1410,4,1,5
1411,1,4,2
1412,1,4,2
1413,1,2,4
1414,8,4,1
1415,8,4,1
1416,8,4,9
1417,4,8,1
1418,1,4,2
1419,1,4,6
1420,1,4,2
1421,1,4,10
1422,1,4,5
1423,1,4,5
1424,4,1,8
1425,1,4,2
1426,1,6,8
1427,8,4,1
1428,1,2,4
1429,1,4,7
1430,1,7,4
1431,1,4,2
1432,1,4,2
1433,1,4,2
1434,1,4,2
1435,4,1,6
1436,1,7,4
1437,1,4,5
1438,1,4,5
1439,4,1,5
1440,1,4,2
1441,1,4,7
1442,1,4,5
1443,8,9,10
1444,4,8,1
1445,1,4,6
1446,8,9,1
1447,1,4,7
1448,1,4,6
1449,1,4,2
1450,1,4,2
1451,1,4,2
1452,1,4,7
1453,1,4,5
1454,1,4,2
1455,1,4,2
1456,4,1,5
1457,4,8,1
1458,1,4,8
1459,1,4,5
1460,1,4,2
1461,1,4,2
1462,1,4,2
1463,1,4,9
1464,1,4,5
1465,1,2,4
1466,1,9,4
1467,6,1,4
1468,1,4,2
1469,1,4,5
1470,1,4,2
1471,1,4,8
1472,1,4,5
1473,4,1,5
1474,1,4,10
1475,4,1,2
1476,1,2,4
1477,4,1,2
1478,1,4,3
1479,1,5,4
1480,1,4,2
1481,1,4,5
1482,1,4,2
1483,1,4,2
1484,1,4,5
1485,4,8,1
1486,1,2,4
1487,1,4,5
1488,1,4,2
1489,4,8,1
1490,4,1,5
1491,1,4,2
1492,1,4,2
1493,4,1,5
1494,1,4,5
1495,1,2,4
1496,1,4,2
1497,1,2,4
1498,4,1,5
1499,4,1,5
1500,4,1,5
1501,1,10,2
1502,6,1,8
1503,4,1,8
1504,1,4,2
1505,1,4,5
1506,4,1,2
1507,4,1,2
1508,1,2,4
1509,1,4,2
1510,1,4,2
1511,8,9,1
1512,1,4,9
1513,1,4,5
1514,1,4,5
1515,1,4,2
1516,1,10,9
1517,4,1,9
1518,1,4,2
1519,1,4,2
1520,4,1,5
1521,8,4,1
1522,1,4,2
1523,4,1,8
1524,1,4,5
1525,4,1,5
1526,1,4,7
1527,1,5,2
1528,1,4,5
1529,1,4,2
1530,4,1,5
1531,4,1,2
1532,1,4,2
1533,1,4,7
1534,1,4,5
1535,1,4,2
1536,1,4,6
1537,8,9,4
1538,1,4,7
1539,1,4,5
1540,1,4,2
1541,1,4,2
1542,4,1,8
1543,1,4,2
1544,1,4,5
1545,4,8,1
1546,1,4,2
1547,4,1,2
1548,4,1,5
1549,1,4,6
1550,1,4,2
1551,1,4,2
1552,4,1,2
1553,8,4,9
1554,6,1,10
1555,1,4,2
1556,8,4,1
1557,8,9,4
1558,1,4,2
1559,1,4,5
1560,1,4,5
1561,1,4,5
1562,1,4,8
1563,1,6,10
1564,1,4,8
1565,1,4,2
1566,1,4,3
1567,1,4,8
1568,1,4,5
1569,1,4,5
1570,1,4,2
1571,1,4,5
1572,1,2,4
1573,1,4,2
1574,1,4,2
1575,8,4,9
1576,1,4,2
1577,9,8,4
1578,1,4,9
1579,1,4,2
1580,1,4,2
1581,1,4,2
1582,4,1,2
1583,1,2,4
1584,1,4,2
1585,1,4,7
1586,1,4,5
1587,1,4,9
1588,6,8,9
1589,4,1,5
1590,1,4,2
1591,1,4,5
1592,1,4,2
1593,8,4,9
1594,1,4,8
1595,4,1,2
1596,4,1,5
1597,4,1,5
1598,1,4,2
1599,4,1,5
1600,1,4,2
1601,1,4,2
1602,4,1,8
1603,1,4,2
1604,1,4,2
1605,6,1,4
1606,8,4,5
1607,4,1,8
1608,1,4,5
1609,1,2,7
1610,1,4,5
1611,1,2,4
1612,1,2,10
1613,4,1,5
1614,1,4,2
1615,4,1,8
1616,1,4,2
1617,4,5,1
1618,1,10,2
1619,1,4,9
1620,8,4,1
1621,4,1,2
1622,1,2,10
1623,1,4,2
1624,1,4,2
1625,4,1,8
1626,8,9,4
1627,6,8,9
1628,1,4,2
1629,1,4,5
1630,4,1,5
1631,4,1,5
1632,1,2,9
1633,1,4,9
1634,1,4,2
1635,8,9,4
1636,1,4,2
1637,1,4,2
1638,8,9,4
1639,4,1,8
1640,4,1,5
1641,1,4,5
1642,1,4,5
1643,1,4,5
1644,4,1,8
1645,1,4,2
1646,1,2,4
1647,4,1,5
1648,4,1,2
1649,1,4,5
1650,1,4,5
1651,1,4,5
1652,1,2,4
1653,4,8,1
1654,1,4,6
1655,4,1,2
1656,1,4,8
1657,1,4,5
1658,1,4,10
1659,1,2,4
1660,1,4,2
1661,1,4,2
1662,1,2,8
1663,1,4,7
1664,1,4,2
1665,1,6,4
1666,1,4,2
1667,1,2,4
1668,1,4,2
1669,1,5,4
1670,1,4,2
1671,1,4,8
1672,1,4,9
1673,1,2,4
1674,1,4,2
1675,4,8,1
1676,4,1,2
1677,4,1,8
1678,1,4,5
1679,1,4,2
1680,1,4,2
1681,1,2,4
1682,1,4,2
1683,1,4,2
1684,1,4,2
1685,1,4,2
1686,1,2,4
1687,1,4,5
1688,1,2,4
1689,1,4,2
1690,1,4,5
1691,1,4,5
1692,1,4,2
1693,1,4,2
1694,1,4,2
1695,4,1,2
1696,1,5,2
1697,1,4,2
1698,8,4,1
1699,1,4,2
1700,1,4,5
1701,4,8,1
1702,4,1,8
1703,6,1,10
1704,1,4,2
1705,1,2,4
1706,1,4,5
1707,1,4,2
1708,1,4,2
1709,1,2,4
1710,1,4,2
1711,8,4,9
1712,1,4,2
1713,1,4,6
1714,1,9,4
1715,1,4,5
1716,4,8,1
1717,1,4,2
1718,1,4,2
1719,1,2,4
1720,1,2,4
1721,1,4,2
1722,1,4,5
1723,1,4,2
1724,1,8,4
1725,1,4,2
1726,1,4,2
1727,1,4,7
1728,4,8,1
1729,9,8,4
1730,1,4,2
1731,1,4,5
1732,4,1,5
1733,1,2,7
1734,1,4,8
1735,1,2,4
1736,1,4,2
1737,1,4,2
1738,1,4,2
1739,1,4,2
1740,1,4,2
1741,1,4,2
1742,4,1,8
1743,1,4,9
1744,1,4,2
1745,8,4,9
1746,1,8,2
1747,1,4,5
1748,4,1,8
1749,1,2,4
1750,1,4,5
1751,1,4,7
1752,1,4,8
1753,1,5,4
1754,1,4,5
1755,6,1,10
1756,1,4,2
1757,4,1,8
1758,8,4,1
1759,1,4,5
1760,8,9,4
1761,1,4,6
1762,1,7,2
1763,1,4,5
1764,1,4,2
1765,8,9,4
1766,4,1,2
1767,1,2,4
1768,4,1,5
1769,4,1,2
1770,1,4,5
1771,8,4,1
1772,4,1,5
1773,4,1,8
1774,8,9,4
1775,1,4,7
1776,1,4,2
1777,1,4,7
1778,1,5,2
1779,1,4,2
1780,1,4,7
1781,1,4,8
1782,1,4,5
1783,1,4,5
1784,1,2,10
1785,8,9,4
1786,6,8,1
1787,8,4,9
1788,1,4,2
1789,8,10,9
1790,1,4,2
1791,1,2,4
1792,1,4,8
1793,1,4,9
1794,1,4,5
1795,1,4,9
1796,1,2,4
1797,1,4,2
1798,1,2,4
1799,1,4,2
1800,1,4,2
1801,1,4,6
1802,1,4,7
1803,1,4,5
1804,8,1,4
1805,1,4,2
1806,1,4,2
1807,8,4,9
1808,1,2,10
1809,4,1,2
1810,1,4,5
1811,1,4,2
1812,1,4,2
1813,1,4,2
1814,4,1,6
1815,1,4,2
1816,8,9,4
1817,1,4,2
1818,4,1,5
1819,1,4,5
1820,1,4,5
1821,8,4,1
1822,4,1,2
1823,1,4,2
1824,4,1,9
1825,1,4,5
1826,1,4,5
1827,1,4,2
1828,1,4,2
1829,4,1,5
1830,4,1,5
1831,1,4,5
1832,1,4,5
1833,1,9,2
1834,1,4,2
1835,1,4,2
1836,4,1,5
1837,8,9,1
1838,4,8,1
1839,1,4,2
1840,1,5,4
1841,1,4,2
1842,1,4,8
1843,1,8,4
1844,1,2,4
1845,1,2,4
1846,1,4,2
1847,4,1,9
1848,1,5,2
1849,4,1,2
1850,1,2,10
1851,1,4,5
1852,1,2,4
1853,9,8,1
1854,4,1,5
1855,4,1,5
1856,1,4,6
1857,4,1,8
1858,1,4,2
1859,1,4,5
1860,4,1,2
1861,1,4,2
1862,1,2,4
1863,1,4,8
1864,1,4,2
1865,1,4,2
1866,1,5,2
1867,8,4,1
1868,1,4,5
1869,1,4,2
1870,1,4,2
1871,1,4,5
1872,1,2,4
1873,1,4,2
1874,1,4,5
1875,1,8,4
1876,1,6,2
1877,8,4,9
1878,1,4,2
1879,1,4,2
1880,1,4,5
1881,1,4,2
1882,4,8,1
1883,1,4,5
1884,1,2,4
1885,1,4,5
1886,1,4,5
1887,4,1,9
1888,4,1,3
1889,1,4,8
1890,8,4,9
1891,1,4,5
1892,1,4,9
1893,1,2,4
1894,4,8,1
1895,1,4,2
1896,1,4,5
1897,1,2,10
1898,1,4,6
1899,1,2,7
1900,1,4,9
1901,1,4,2
1902,1,4,5
1903,1,4,2
1904,4,1,5
1905,1,4,2
1906,1,4,2
1907,1,4,7
1908,1,4,2
1909,6,4,1
1910,1,4,7
1911,1,4,6
1912,1,2,8
1913,4,8,1
1914,1,4,6
1915,4,1,2
1916,1,8,4
1917,1,4,9
1918,1,4,5
1919,1,4,5
1920,4,8,1
1921,4,1,8
1922,1,4,5
1923,1,4,2
1924,1,4,2
1925,1,4,2
1926,8,9,4
1927,4,1,2
1928,1,4,5
1929,4,1,2
1930,1,4,2
1931,1,4,5
1932,1,4,5
1933,1,4,5
1934,1,4,2
1935,4,1,2
1936,1,4,6
1937,1,4,5
1938,1,4,9
1939,1,4,2
1940,1,2,4
1941,1,4,5
1942,8,10,4
1943,1,4,8
1944,1,4,8
1945,8,4,1
1946,1,2,4
1947,1,4,9
1948,1,4,2
1949,1,4,2
1950,1,2,4
1951,1,4,2
1952,8,1,4
1953,1,5,4
1954,1,4,5
1955,8,1,2
1956,1,4,5
1957,1,2,4
1958,1,4,7
1959,1,4,2
1960,1,4,2
1961,1,4,5
1962,1,2,4
1963,8,1,9
1964,1,4,5
1965,4,1,5
1966,1,4,7
1967,4,1,2
1968,1,4,5
1969,1,4,2
1970,4,1,5
1971,4,1,2
1972,1,2,4
1973,4,1,10
1974,1,4,5
1975,1,4,2
1976,1,4,2
1977,1,4,2
1978,1,4,6
1979,5,6,1
1980,4,1,5
1981,4,1,5
1982,1,4,5
1983,4,1,8
1984,1,4,2
1985,4,1,5
1986,4,1,5
1987,8,1,4
1988,1,4,8
1989,1,4,2
1990,1,2,4
1991,1,4,10
1992,1,4,2
1993,1,4,2
1994,4,1,5
1995,1,4,5
1996,8,1,4
1997,8,1,9
1998,1,4,5
1999,1,4,2
2000,1,4,2
2001,1,8,4
2002,1,2,4
2003,8,4,1
2004,4,1,8
2005,4,1,8
2006,1,4,2
2007,4,1,8
2008,1,4,2
2009,1,4,2
2010,8,10,9
2011,1,4,7
2012,1,4,5
2013,4,8,1
2014,6,1,4
2015,1,4,5
2016,1,4,5
2017,1,4,2
2018,1,4,5
2019,1,4,7
2020,1,2,4
2021,1,4,2
2022,1,4,6
2023,1,4,6
2024,1,8,5
2025,4,8,1
2026,8,4,9
2027,4,1,5
2028,1,4,6
2029,1,4,5
2030,8,9,6
2031,4,1,5
2032,1,7,2
2033,1,4,2
2034,1,4,2
2035,1,4,5
2036,4,6,1
2037,4,1,8
2038,1,4,5
2039,1,4,2
2040,8,4,1
2041,9,1,8
2042,1,4,8
2043,1,4,2
2044,1,4,2
2045,1,4,5
2046,4,1,9
2047,4,1,6
2048,4,1,8
2049,1,4,2
2050,4,1,8
2051,4,8,1
2052,1,5,2
2053,1,4,2
2054,1,2,7
2055,1,4,2
2056,1,2,4
2057,4,1,5
2058,1,4,2
2059,1,4,5
2060,1,4,2
2061,1,4,9
2062,1,2,4
2063,4,1,2
2064,1,4,5
2065,4,1,2
2066,1,4,2
2067,1,4,5
2068,6,1,10
2069,1,4,5
2070,1,4,2
2071,1,4,2
2072,1,4,9
2073,1,4,2
2074,1,4,5
2075,1,2,4
2076,1,4,2
2077,1,4,8
2078,1,4,2
2079,1,4,2
2080,4,8,1
2081,1,4,2
2082,1,4,2
2083,1,4,7
2084,4,1,5
2085,8,4,1
2086,1,9,5
2087,1,4,5
2088,1,4,5
2089,1,4,6
2090,1,4,2
2091,1,4,5
2092,1,4,5
2093,4,1,2
2094,1,4,2
2095,1,4,2
2096,1,4,8
2097,4,1,5
2098,4,1,8
2099,1,4,8
2100,1,4,8
2101,1,4,2
2102,1,4,2
2103,8,4,1
2104,1,4,2
2105,4,1,8
2106,4,1,8
2107,1,4,2
2108,4,1,8
2109,4,1,8
2110,1,4,2
2111,8,4,1
2112,1,4,9
2113,1,4,8
2114,1,4,2
2115,4,1,8
2116,1,4,5
2117,1,4,5
2118,1,4,2
2119,1,4,7
2120,8,1,9
2121,1,4,2
2122,1,4,2
2123,1,4,5
2124,4,1,5
2125,4,1,8
2126,1,4,5
2127,1,4,2
2128,1,4,2
2129,8,1,4
2130,1,4,2
2131,1,4,2
2132,1,4,2
2133,1,4,2
2134,1,4,5
2135,1,4,2
2136,4,1,8
2137,4,8,9
2138,1,4,2
2139,1,9,8
2140,1,4,2
2141,4,1,2
2142,1,5,4
2143,4,1,2
2144,6,1,4
2145,8,1,4
2146,1,4,5
2147,4,1,5
2148,1,2,4
2149,1,4,5
2150,1,4,5
2151,6,1,10
2152,4,1,2
2153,1,4,2
2154,1,4,2
2155,4,1,8
2156,4,8,1
2157,1,4,2
2158,1,4,2
2159,6,1,10
2160,8,4,1
2161,1,4,6
2162,1,4,5
2163,1,4,2
2164,1,4,2
2165,4,8,1
2166,1,4,2
2167,1,4,9
2168,1,4,9
2169,4,1,5
2170,1,4,9
2171,1,4,8
2172,1,4,2
2173,1,4,2
2174,1,4,5
2175,4,1,9
2176,1,4,7
2177,1,4,9
2178,1,2,4
2179,1,2,7
2180,4,1,2
2181,8,4,1
2182,8,4,1
2183,1,4,2
2184,8,4,1
2185,1,4,2
2186,1,4,2
2187,1,2,4
2188,1,4,5
2189,1,4,2
2190,1,4,7
2191,1,4,2
2192,4,1,5
2193,1,4,6
2194,1,4,2
2195,1,2,4
2196,1,4,2
2197,1,4,5
2198,1,4,5
2199,1,4,2
2200,4,1,5
2201,6,1,4
2202,1,4,2
2203,4,1,5
2204,1,4,2
2205,1,4,6
2206,4,1,2
2207,1,4,5
2208,8,4,1
2209,1,4,8
2210,4,1,2
2211,1,4,7
2212,1,4,5
2213,1,4,2
2214,8,4,9
2215,8,4,1
2216,1,4,2
2217,1,4,5
2218,1,4,2
2219,1,4,6
2220,1,4,5
2221,1,4,2
2222,8,1,9
2223,1,5,2
2224,1,4,2
2225,1,4,7
2226,4,1,5
2227,1,4,2
2228,1,4,5
2229,1,4,9
2230,1,4,5
2231,1,4,7
2232,4,1,8
2233,1,4,7
2234,1,4,2
2235,1,4,7
2236,1,4,5
2237,1,5,4
2238,1,4,2
2239,1,4,5
2240,1,4,2
2241,4,1,5
2242,1,5,6
2243,1,4,2
2244,4,8,1
2245,1,4,5
2246,1,4,2
2247,1,2,4
2248,1,2,4
2249,1,2,4
2250,8,9,4
2251,8,4,9
2252,8,1,9
2253,1,4,2
2254,8,1,9
2255,6,1,4
2256,4,1,8
2257,1,9,4
2258,1,4,2
2259,1,2,4
2260,1,4,9
2261,1,4,2
2262,4,1,8
2263,1,5,2
2264,1,4,5
2265,4,1,8
2266,1,4,5
2267,1,4,2
2268,1,4,2
2269,4,1,5
2270,4,1,5
2271,1,4,2
2272,1,4,2
2273,4,1,5
2274,8,4,9
2275,4,1,6
2276,1,4,7
2277,1,9,2
2278,1,4,2
2279,1,4,2
2280,1,4,2
2281,4,8,1
2282,8,1,4
2283,4,1,5
2284,1,4,2
2285,1,2,4
2286,4,1,2
2287,4,1,8
2288,4,1,8
2289,8,4,1
2290,1,5,4
2291,4,1,5
2292,1,4,5
2293,6,1,4
2294,4,1,2
2295,1,2,4
2296,1,4,2
2297,4,1,8
2298,1,4,2
2299,1,4,7
2300,1,4,2
2301,1,4,6
2302,8,1,9
2303,1,4,5
2304,1,2,4
2305,4,8,1
2306,1,4,2
2307,4,1,5
2308,1,4,2
2309,4,1,2
2310,1,4,7
2311,1,4,6
2312,1,4,2
2313,1,2,4
2314,4,1,5
2315,8,4,9
2316,4,8,1
2317,1,4,2
2318,1,4,7
2319,4,1,5
2320,1,4,7
2321,1,4,10
2322,4,1,2
2323,4,1,2
2324,1,4,2
2325,1,4,2
2326,1,4,2
2327,4,5,1
2328,1,2,4
2329,1,4,5
2330,1,4,8
2331,1,4,9
2332,1,4,2
2333,4,1,8
2334,4,1,5
2335,1,4,7
2336,1,4,2
2337,1,4,5
2338,1,4,9
2339,1,4,2
2340,1,6,5
2341,1,4,2
2342,4,1,9
2343,1,4,2
2344,8,1,10
2345,1,4,2
2346,1,4,8
2347,8,9,4
2348,4,1,5
2349,1,2,4
2350,1,4,2
2351,4,1,8
2352,1,4,10
2353,8,6,1
2354,1,4,5
2355,1,4,2
2356,1,4,7
2357,1,4,2
2358,4,1,2
2359,4,1,2
2360,1,4,2
2361,1,8,4
2362,8,9,10
2363,1,4,5
2364,8,9,1
2365,1,4,2
2366,4,1,2
2367,1,4,2
2368,1,4,5
2369,1,4,2
2370,1,4,2
2371,4,1,2
2372,1,4,5
2373,1,4,9
2374,8,1,4
2375,8,4,9
2376,1,2,4
2377,1,4,2
2378,1,2,3
2379,1,2,4
2380,1,4,5
2381,1,4,2
2382,4,1,5
2383,1,4,2
2384,1,2,7
2385,1,4,2
2386,6,9,8
2387,1,4,3
2388,1,4,2
2389,1,4,5
2390,1,4,2
2391,1,4,2
2392,1,2,4
2393,8,9,4
2394,1,4,2
2395,1,4,2
2396,1,4,5
2397,1,4,2
2398,4,8,1
2399,1,4,5
2400,1,2,4
2401,4,1,2
2402,6,1,4
2403,1,4,8
2404,1,8,10
2405,1,4,2
2406,1,5,4
2407,4,1,5
2408,1,4,2
2409,4,1,5
2410,1,6,7
2411,1,4,2
2412,4,8,1
2413,1,4,2
2414,1,4,6
2415,1,4,9
2416,1,4,7
2417,1,4,5
2418,8,4,9
2419,6,1,4
2420,8,9,1
2421,1,4,2
2422,1,4,5
2423,8,4,9
2424,4,1,8
2425,4,8,1
2426,1,4,2
2427,4,1,8
2428,4,8,1
2429,1,4,5
2430,8,4,9
2431,4,8,1
2432,1,4,2
2433,1,4,5
2434,1,8,4
2435,1,4,2
2436,1,4,2
2437,8,4,9
2438,1,4,5
2439,1,4,5
2440,1,4,5
2441,1,4,2
2442,1,2,10
2443,1,4,5
2444,1,4,2
2445,8,9,1
2446,1,2,4
2447,1,4,2
2448,1,4,2
2449,1,4,5
2450,1,4,2
2451,1,4,2
2452,1,4,5
2453,1,4,8
2454,8,4,1
2455,1,4,8
2456,8,4,9
2457,1,5,2
2458,1,4,2
2459,1,4,6
2460,8,4,9
2461,1,4,2
2462,1,2,4
2463,1,4,2
2464,1,4,2
2465,1,4,2
2466,1,4,2
2467,1,4,2
2468,1,4,2
2469,4,1,8
2470,4,1,2
2471,1,4,2
2472,8,4,9
2473,1,4,5
2474,1,4,2
2475,1,4,5
2476,4,1,5
2477,1,8,4
2478,1,4,5
2479,1,4,2
2480,1,2,4
2481,1,4,2
2482,4,1,5
2483,8,9,10
2484,8,4,1
2485,1,4,5
2486,4,8,1
2487,1,4,5
2488,1,2,5
2489,1,4,2
2490,4,1,8
2491,1,4,2
2492,4,1,5
2493,1,2,8
2494,1,4,2
2495,1,4,5
2496,1,4,5
2497,1,4,5
2498,1,4,2
2499,1,4,2
2500,1,4,5
2501,1,4,2
2502,1,4,2
2503,8,4,9
2504,1,6,4
2505,8,9,4
2506,1,4,2
2507,1,4,5
2508,1,4,5
2509,4,1,5
2510,1,4,2
2511,1,4,2
2512,1,4,5
2513,1,4,2
2514,8,4,1
2515,1,4,2
2516,1,2,4
2517,1,4,5
2518,1,5,2
2519,1,4,2
2520,1,4,6
2521,1,4,2
2522,1,2,4
2523,1,5,4
2524,8,4,1
2525,4,1,5
2526,1,4,2
2527,1,4,2
2528,1,4,2
2529,1,2,4
2530,1,4,7
2531,1,4,2
2532,1,4,3
2533,4,8,1
2534,1,5,4
2535,1,4,2
2536,6,8,1
2537,1,4,6
2538,4,1,5
2539,1,4,6
2540,1,2,5
2541,1,4,5
2542,1,4,5
2543,1,4,2
2544,1,4,2
2545,1,4,5
2546,1,4,2
2547,4,1,8
2548,8,4,9
2549,1,4,5
2550,1,4,2
2551,1,4,5
2552,4,1,5
2553,1,4,5
2554,4,1,2
2555,8,4,9
2556,1,4,2
2557,1,2,4
2558,4,1,5
2559,1,4,2
2560,1,4,2
2561,1,4,10
2562,1,2,4
2563,1,2,4
2564,8,4,1
2565,1,4,5
2566,1,4,2
2567,1,6,4
2568,1,4,2
2569,1,4,7
2570,1,4,2
2571,1,4,2
2572,1,4,2
2573,1,2,4
2574,1,4,6
2575,1,4,5
2576,1,4,5
2577,1,4,2
2578,1,4,2
2579,8,9,4
2580,4,1,2
2581,4,1,2
2582,4,1,5
2583,1,4,9
2584,1,4,2
2585,1,8,4
2586,1,2,4
2587,1,2,4
2588,4,1,8
2589,1,4,5
2590,1,4,2
2591,4,1,5
2592,1,4,5
2593,1,4,2
2594,1,4,2
2595,4,1,8
2596,1,4,5
2597,1,4,5
2598,1,4,2
2599,4,1,3
2600,1,4,2
2601,1,4,5
2602,4,1,8
2603,1,4,6
2604,4,1,5
2605,1,4,2
2606,1,2,4
2607,1,4,2
2608,1,5,4
2609,1,2,4
2610,1,4,2
2611,1,4,2
2612,4,1,2
2613,4,1,5
2614,1,4,5
2615,4,1,5
2616,4,1,8
2617,1,4,2
2618,1,4,2
2619,1,4,2
2620,1,5,4
2621,1,4,5
2622,1,4,2
2623,4,1,5
2624,4,1,8
2625,1,4,7
2626,1,5,4
2627,4,1,8
2628,8,4,1
2629,1,6,4
2630,1,4,6
2631,1,4,5
2632,1,4,2
2633,1,4,2
2634,1,4,2
2635,1,4,5
2636,1,4,2
2637,8,4,1
2638,1,6,5
2639,4,1,2
2640,1,4,2
2641,1,4,2
2642,1,2,4
