,Rank_1,Rank_2,Rank_3,Rank_4,Rank_5,Rank_6,Rank_7,Rank_8,Rank_9,Rank_10
0,4,1,9,5,3,2,10,7,8,6
1,1,4,7,2,5,3,10,9,6,8
2,1,4,3,2,5,7,6,10,9,8
3,1,5,4,7,2,3,9,6,10,8
4,1,4,5,9,3,2,10,6,7,8
5,4,1,5,2,9,3,10,7,8,6
6,4,1,2,10,8,6,9,3,5,7
7,1,4,2,9,3,7,10,5,8,6
8,4,1,6,3,2,5,8,7,9,10
9,4,1,2,3,10,8,5,9,6,7
10,1,10,4,2,6,3,7,5,9,8
11,1,2,4,3,10,7,9,5,6,8
12,1,5,4,3,6,7,2,10,9,8
13,4,1,8,3,9,10,2,6,5,7
14,1,4,10,2,6,3,8,5,7,9
15,8,9,2,1,10,4,3,6,5,7
16,6,1,4,2,10,8,9,3,7,5
17,1,4,2,10,3,9,5,7,6,8
18,8,6,9,1,4,10,7,3,5,2
19,4,8,1,5,9,3,7,6,2,10
20,1,7,4,5,2,3,10,9,6,8
21,1,6,4,2,7,5,3,10,9,8
22,1,2,4,10,3,5,8,6,9,7
23,10,8,2,1,4,9,3,5,6,7
24,1,4,5,3,2,7,9,10,6,8
25,8,4,2,1,9,10,3,5,6,7
26,1,4,5,2,6,10,7,3,9,8
27,4,1,5,3,2,10,9,7,6,8
28,1,4,2,8,10,9,7,3,5,6
29,4,1,2,10,5,9,6,3,7,8
30,1,4,10,2,6,7,3,5,9,8
31,8,1,4,10,9,3,2,6,5,7
32,1,2,4,3,10,7,5,8,9,6
33,1,4,2,5,7,3,9,10,6,8
34,8,1,4,9,5,6,10,2,3,7
35,1,4,7,9,8,5,2,6,3,10
36,1,2,4,10,3,7,9,5,8,6
37,8,4,9,1,3,2,10,5,6,7
38,1,4,2,3,6,7,5,9,8,10
39,1,8,4,9,10,2,5,3,6,7
40,4,1,10,6,3,5,2,9,8,7
41,1,2,4,7,5,3,10,6,9,8
42,8,4,1,9,10,6,5,3,2,7
43,1,4,2,7,3,5,6,10,8,9
44,1,2,4,3,9,8,10,5,7,6
45,1,4,7,5,3,2,10,9,8,6
46,4,2,8,1,3,9,10,7,5,6
47,5,1,4,6,9,2,3,10,7,8
48,1,4,2,5,10,7,3,9,6,8
49,4,1,10,3,9,2,5,8,6,7
50,1,4,2,10,3,7,9,5,8,6
51,1,4,10,3,2,5,6,7,8,9
52,1,2,10,4,9,8,3,7,5,6
53,1,4,2,3,8,7,10,5,9,6
54,1,4,7,5,2,3,6,9,10,8
55,8,4,1,9,2,10,5,7,3,6
56,6,4,1,10,8,5,9,2,3,7
57,1,4,2,7,3,5,10,9,6,8
58,8,4,1,5,10,6,3,9,2,7
59,1,4,2,5,3,7,10,9,6,8
60,1,4,2,5,9,3,10,7,6,8
61,1,4,2,5,3,7,6,8,10,9
62,1,2,4,5,3,6,7,10,9,8
63,1,4,5,6,3,9,10,2,8,7
64,1,4,6,8,9,10,2,7,3,5
65,1,4,2,8,3,10,5,6,7,9
66,1,2,9,4,6,10,5,3,8,7
67,1,2,4,7,5,3,6,10,9,8
68,1,4,2,3,10,7,5,9,6,8
69,1,6,4,7,10,2,5,3,9,8
70,1,4,5,2,3,7,10,9,6,8
71,1,4,5,2,6,9,3,10,7,8
72,1,4,2,3,7,10,5,9,8,6
73,10,2,1,8,6,9,4,5,3,7
74,1,4,2,3,10,5,9,8,7,6
75,8,3,9,10,2,1,4,6,5,7
76,5,1,9,3,7,6,2,10,4,8
77,1,4,5,2,3,7,10,8,9,6
78,1,4,5,2,3,7,6,9,10,8
79,4,1,8,3,2,9,5,7,10,6
80,1,2,5,7,4,3,9,6,10,8
81,4,8,1,2,10,3,5,9,7,6
82,1,2,4,9,3,10,8,5,7,6
83,1,4,5,2,3,7,9,10,6,8
84,1,4,8,3,5,9,10,6,2,7
85,4,8,1,6,9,2,5,10,3,7
86,8,6,9,10,5,1,3,7,2,4
87,1,4,7,2,9,10,5,3,6,8
88,1,4,2,7,5,3,6,9,10,8
89,1,4,3,2,7,5,9,6,10,8
90,4,1,5,2,3,6,7,9,10,8
91,1,4,5,9,6,8,2,3,10,7
92,1,4,2,5,7,10,9,3,8,6
93,2,4,1,8,9,5,10,3,7,6
94,1,7,4,5,2,9,3,10,6,8
95,4,1,5,6,3,7,2,10,8,9
96,1,2,4,3,5,7,10,6,9,8
97,1,5,2,4,9,3,6,10,8,7
98,1,5,4,6,3,7,9,10,2,8
99,1,4,5,2,3,7,6,10,9,8
100,1,4,2,5,10,9,7,6,3,8
101,1,4,2,10,9,3,5,8,7,6
102,1,4,2,9,5,3,7,8,10,6
103,1,4,9,2,3,5,10,8,6,7
104,1,2,3,4,7,5,10,9,6,8
105,1,4,5,2,7,3,10,9,6,8
106,1,4,9,8,3,10,2,6,5,7
107,4,1,2,9,8,5,3,10,6,7
108,4,1,5,7,6,3,10,9,2,8
109,1,4,2,7,5,3,10,9,6,8
110,1,4,2,3,7,10,5,9,6,8
111,1,4,2,7,5,3,10,6,9,8
112,1,2,4,7,8,10,5,3,9,6
113,1,4,7,3,5,2,9,10,8,6
114,9,4,8,1,2,10,7,3,5,6
115,1,4,9,3,2,6,5,8,7,10
116,1,4,5,2,3,9,10,7,6,8
117,4,2,1,8,9,10,3,6,7,5
118,1,4,2,3,7,5,10,9,6,8
119,1,2,7,4,10,3,5,6,9,8
120,1,2,5,4,3,7,9,8,10,6
121,1,2,4,9,10,7,5,3,6,8
122,1,4,5,10,3,2,7,6,9,8
123,1,2,4,5,3,7,10,9,6,8
124,8,3,10,6,9,1,5,2,4,7
125,1,4,2,5,3,7,10,6,9,8
126,8,2,1,3,9,10,4,5,6,7
127,1,4,2,3,10,6,9,7,5,8
128,1,4,3,5,2,7,10,9,6,8
129,1,4,9,8,7,10,5,2,3,6
130,4,1,2,5,6,3,7,10,8,9
131,1,2,4,3,5,7,9,6,10,8
132,8,1,2,9,4,10,3,5,7,6
133,1,2,4,5,9,7,10,3,8,6
134,1,7,4,6,5,2,3,10,9,8
135,1,4,5,9,3,8,2,10,7,6
136,4,1,5,3,7,2,10,9,6,8
137,1,4,2,3,7,10,8,9,5,6
138,4,1,3,10,6,5,7,9,8,2
139,1,4,2,10,5,8,9,3,7,6
140,4,8,1,2,9,6,5,3,10,7
141,1,4,2,10,3,7,6,5,9,8
142,1,4,2,10,3,8,9,5,7,6
143,1,5,4,7,3,2,10,6,9,8
144,4,1,5,2,3,7,10,6,9,8
145,1,4,2,7,5,3,9,10,6,8
146,1,4,2,7,10,5,3,9,8,6
147,4,5,6,9,3,1,8,10,2,7
148,4,1,7,5,3,2,10,6,9,8
149,1,4,2,3,5,6,7,10,9,8
150,1,9,4,6,5,10,8,3,7,2
151,1,4,2,5,7,3,9,10,6,8
152,1,4,5,3,2,7,6,10,9,8
153,4,8,1,10,2,9,6,3,7,5
154,8,4,1,9,2,10,3,5,6,7
155,4,1,2,5,3,9,10,6,7,8
156,6,1,10,9,4,5,7,2,3,8
157,8,9,4,2,1,10,3,5,7,6
158,1,4,3,7,2,5,10,6,9,8
159,4,1,2,3,9,10,5,8,7,6
160,4,1,8,2,10,9,3,5,6,7
161,4,1,10,6,5,9,2,3,8,7
162,1,5,4,3,6,2,7,10,9,8
163,1,4,2,10,7,3,6,5,9,8
164,1,4,2,10,5,3,7,6,9,8
165,1,5,4,7,2,9,3,10,6,8
166,4,1,5,7,9,2,10,3,6,8
167,4,8,6,1,10,5,3,9,2,7
168,8,1,9,4,2,10,3,5,6,7
169,1,4,2,3,5,9,10,6,7,8
170,1,4,2,3,7,5,10,8,9,6
171,1,4,5,3,7,2,9,6,10,8
172,8,4,1,9,10,5,3,2,6,7
173,4,1,7,6,5,3,9,10,2,8
174,1,8,4,9,2,10,3,6,5,7
175,8,6,1,10,4,2,9,3,5,7
176,1,2,10,6,5,3,4,9,8,7
177,1,4,2,10,5,3,7,6,9,8
178,1,7,4,2,9,5,3,10,6,8
179,1,5,4,6,9,2,10,3,8,7
180,1,2,4,3,7,10,8,9,6,5
181,1,2,7,4,6,10,3,9,5,8
182,4,8,1,9,2,5,3,10,6,7
183,1,4,3,2,9,8,10,5,6,7
184,4,1,5,7,2,3,6,10,8,9
185,1,2,4,9,7,10,3,5,6,8
186,2,4,1,9,3,8,5,10,7,6
187,4,2,1,5,6,9,8,10,3,7
188,1,4,6,10,2,8,3,9,5,7
189,1,4,2,3,5,10,9,8,6,7
190,4,1,2,5,3,7,6,10,9,8
191,1,4,2,7,3,5,9,10,6,8
192,8,9,4,1,10,6,5,3,2,7
193,1,4,9,8,2,7,3,10,6,5
194,1,4,7,2,5,3,10,9,6,8
195,4,1,5,3,6,7,2,9,10,8
196,4,1,8,3,2,10,5,6,9,7
197,4,1,6,5,9,7,2,3,10,8
198,9,8,1,2,6,10,5,4,3,7
199,4,1,9,5,7,2,3,10,8,6
200,1,4,2,3,7,5,10,9,6,8
201,4,1,2,10,3,8,9,6,7,5
202,4,1,2,9,8,5,10,3,7,6
203,4,8,1,9,3,6,2,10,5,7
204,1,5,3,4,2,9,10,7,6,8
205,4,8,1,9,2,3,10,6,5,7
206,1,7,4,2,5,3,6,10,8,9
207,4,10,1,2,8,3,9,7,6,5
208,4,9,1,8,10,3,2,6,7,5
209,1,4,2,3,8,9,7,10,5,6
210,1,4,2,3,5,7,6,10,9,8
211,1,4,5,3,6,2,7,9,10,8
212,1,4,5,3,7,2,9,6,10,8
213,1,4,5,2,3,7,10,9,8,6
214,8,9,4,1,2,5,6,3,10,7
215,4,1,6,10,5,9,3,2,8,7
216,8,9,1,4,2,10,3,5,6,7
217,8,1,2,9,10,4,6,5,3,7
218,1,7,2,9,10,4,5,3,8,6
219,1,4,7,5,2,3,9,6,10,8
220,4,8,1,9,2,10,3,7,6,5
221,1,4,2,7,3,10,8,5,9,6
222,1,4,2,7,5,10,6,3,9,8
223,8,4,1,10,3,2,9,5,6,7
224,1,4,6,10,8,3,7,9,5,2
225,4,1,5,8,10,3,7,6,9,2
226,1,4,5,2,3,10,7,9,6,8
227,1,4,2,3,9,10,8,5,7,6
228,1,2,4,3,5,9,7,10,8,6
229,1,4,7,5,2,10,3,9,6,8
230,1,10,4,6,3,8,9,5,2,7
231,1,4,2,7,6,9,5,8,3,10
232,6,1,8,4,9,10,3,2,7,5
233,4,1,10,2,8,9,5,6,3,7
234,1,4,2,3,5,7,10,6,9,8
235,8,4,9,5,3,1,10,2,6,7
236,1,4,2,3,6,7,10,5,9,8
237,1,2,5,4,7,3,6,9,10,8
238,8,4,1,9,10,7,3,5,2,6
239,1,4,2,5,3,7,9,10,8,6
240,1,4,2,7,3,10,5,9,6,8
241,1,4,5,3,2,7,10,6,9,8
242,4,1,9,5,3,2,6,8,10,7
243,1,4,7,6,5,3,9,10,2,8
244,1,4,5,7,9,6,8,2,3,10
245,4,1,2,3,5,10,7,9,6,8
246,8,4,1,9,10,3,2,5,7,6
247,6,10,1,4,7,5,9,8,2,3
248,1,4,2,5,7,3,6,9,10,8
249,8,4,9,2,1,10,3,7,5,6
250,8,4,9,5,1,2,10,3,6,7
251,1,4,5,7,2,3,9,6,10,8
252,1,2,5,4,3,7,9,10,6,8
253,1,2,4,3,10,7,5,6,8,9
254,1,4,5,9,3,2,7,10,6,8
255,1,5,9,2,4,3,10,8,6,7
256,1,4,9,8,2,10,3,5,7,6
257,1,4,2,7,5,3,9,10,6,8
258,4,2,1,9,3,5,10,8,6,7
259,4,1,2,3,9,10,8,5,6,7
260,1,4,3,7,5,10,6,2,8,9
261,4,1,2,5,7,3,9,6,10,8
262,6,1,4,3,5,2,7,9,8,10
263,1,4,2,5,10,9,7,3,6,8
264,4,1,5,2,6,3,7,10,8,9
265,1,4,2,3,10,9,5,7,8,6
266,1,4,2,9,5,3,10,6,7,8
267,1,7,10,4,2,6,3,9,5,8
268,1,4,2,7,5,3,6,9,10,8
269,1,4,7,5,9,3,2,10,6,8
270,1,4,2,3,10,7,5,6,9,8
271,4,1,3,5,9,10,6,2,7,8
272,5,4,1,9,3,10,6,2,7,8
273,1,4,2,3,8,6,10,5,7,9
274,1,4,8,2,9,10,6,5,3,7
275,4,1,9,2,8,5,3,10,6,7
276,4,1,2,9,10,5,7,3,6,8
277,1,2,4,5,9,10,3,8,7,6
278,1,4,8,2,10,9,6,3,5,7
279,4,1,2,5,3,6,8,10,9,7
280,2,10,8,3,9,4,1,5,6,7
281,4,1,6,8,2,9,10,7,3,5
282,1,4,2,5,3,7,9,10,6,8
283,1,4,7,2,3,10,5,8,9,6
284,4,1,2,6,10,7,3,5,9,8
285,1,2,4,5,10,3,9,7,6,8
286,4,1,5,2,3,7,6,9,8,10
287,1,4,3,9,2,5,6,7,10,8
288,1,4,7,10,2,9,5,3,6,8
289,1,4,2,3,5,7,6,9,10,8
290,1,2,5,6,7,4,8,10,3,9
291,1,4,2,5,3,7,10,9,6,8
292,1,4,2,7,10,9,5,3,8,6
293,1,2,10,4,7,9,3,8,5,6
294,4,1,8,2,5,9,10,3,6,7
295,1,4,2,10,7,5,3,6,9,8
296,1,2,4,10,9,3,6,5,7,8
297,1,2,4,10,3,8,9,5,7,6
298,1,2,10,9,4,8,5,3,6,7
299,4,1,5,6,9,2,10,3,8,7
300,1,4,8,10,9,2,6,3,5,7
301,1,4,9,10,2,8,7,6,3,5
302,1,4,5,7,10,6,3,9,8,2
303,1,10,4,2,7,5,6,9,3,8
304,1,4,3,7,2,5,10,6,8,9
305,1,8,9,2,4,10,5,3,7,6
306,1,4,2,3,5,7,6,9,10,8
307,1,2,5,7,3,4,10,9,6,8
308,1,4,5,8,7,2,3,9,6,10
309,8,3,6,5,9,1,10,4,2,7
310,1,4,2,9,5,8,6,3,10,7
311,4,8,6,1,2,9,5,10,3,7
312,1,4,2,5,3,7,6,10,9,8
313,9,1,8,4,2,10,5,3,6,7
314,4,1,8,3,7,2,6,10,5,9
315,1,2,4,3,7,10,8,5,6,9
316,1,4,7,3,5,2,10,9,6,8
317,7,1,5,8,4,2,9,3,10,6
318,6,4,8,1,3,10,9,2,5,7
319,1,4,9,2,10,8,3,5,6,7
320,1,4,5,3,9,7,2,10,6,8
321,1,4,7,3,2,8,6,5,10,9
322,1,4,2,5,9,7,10,3,8,6
323,5,6,1,2,4,3,9,7,10,8
324,1,2,4,3,10,5,6,8,7,9
325,8,1,4,9,10,2,3,5,6,7
326,1,4,10,3,6,8,7,5,2,9
327,4,1,5,2,3,7,9,6,8,10
328,1,4,3,5,7,2,6,10,9,8
329,1,7,5,4,2,10,3,9,6,8
330,1,4,2,7,3,5,10,6,9,8
331,8,4,9,10,1,3,2,7,5,6
332,1,4,2,5,7,3,10,6,9,8
333,1,4,2,3,10,5,9,7,6,8
334,1,2,4,5,7,3,10,6,9,8
335,4,8,9,1,10,2,5,3,6,7
336,1,5,2,4,3,9,10,7,6,8
337,1,4,9,5,3,10,2,8,6,7
338,1,4,7,5,2,3,9,8,10,6
339,1,4,2,3,10,6,5,9,7,8
340,6,1,10,5,4,3,9,8,2,7
341,2,1,4,5,9,8,3,10,6,7
342,1,7,4,2,5,3,6,10,9,8
343,8,9,4,5,3,6,1,10,2,7
344,1,7,4,2,5,3,10,9,8,6
345,1,2,10,4,7,9,6,8,3,5
346,1,4,5,3,6,7,2,9,10,8
347,1,4,2,3,10,7,5,9,8,6
348,1,4,2,3,5,7,6,9,8,10
349,2,1,4,3,5,7,9,10,6,8
350,1,4,2,6,9,3,5,10,7,8
351,1,4,7,5,9,2,10,3,8,6
352,1,4,2,3,7,5,10,9,6,8
353,8,9,1,4,2,10,3,6,5,7
354,1,4,5,10,6,3,2,7,9,8
355,1,2,10,7,5,6,3,4,9,8
356,9,1,2,4,10,3,8,5,6,7
357,1,4,2,7,3,5,6,9,8,10
358,1,4,2,5,9,3,10,8,7,6
359,1,5,4,6,2,9,3,8,7,10
360,1,4,3,5,7,2,10,6,9,8
361,1,2,10,3,4,8,7,9,5,6
362,1,2,4,3,5,7,10,6,9,8
363,1,4,2,7,5,8,3,10,6,9
364,1,7,4,2,3,10,5,6,9,8
365,4,1,8,5,3,6,9,2,7,10
366,1,4,2,3,9,7,5,10,8,6
367,4,2,1,5,3,7,9,6,10,8
368,1,4,2,3,5,7,10,8,6,9
369,4,9,8,1,10,5,3,6,2,7
370,9,4,1,8,2,10,5,3,7,6
371,1,4,7,2,5,10,9,3,8,6
372,4,5,1,2,9,3,10,8,6,7
373,4,1,2,10,9,3,8,5,6,7
374,1,10,2,6,7,5,4,9,3,8
375,1,4,7,6,3,5,2,10,9,8
376,1,2,4,3,10,5,7,9,8,6
377,1,4,5,3,7,2,9,10,6,8
378,8,4,1,9,10,2,3,6,5,7
379,4,1,7,5,6,3,10,2,9,8
380,4,6,1,8,10,5,9,3,2,7
381,1,2,4,7,5,3,6,9,10,8
382,5,4,1,9,2,3,10,6,7,8
383,1,5,4,6,9,3,8,2,10,7
384,1,7,4,5,2,9,3,10,8,6
385,8,4,1,9,10,2,3,5,6,7
386,1,2,6,5,4,3,9,10,7,8
387,1,4,9,8,3,10,2,5,6,7
388,8,4,9,1,2,10,3,6,7,5
389,1,4,5,2,6,7,3,10,9,8
390,1,4,7,5,2,3,9,6,10,8
391,4,5,1,2,9,3,10,6,8,7
392,4,2,1,3,10,5,7,9,8,6
393,1,4,7,5,2,3,6,9,10,8
394,4,1,6,5,7,3,10,2,9,8
395,1,4,2,5,3,6,8,7,9,10
396,2,4,1,3,10,5,9,8,6,7
397,1,4,7,10,2,9,6,3,5,8
398,1,4,2,8,3,10,9,7,5,6
399,8,4,10,9,1,2,3,5,7,6
400,4,1,8,9,2,3,10,5,6,7
401,1,4,2,5,8,3,7,10,9,6
402,4,9,1,6,8,10,2,3,5,7
403,8,4,9,1,3,2,10,6,5,7
404,1,4,9,2,3,10,5,7,8,6
405,4,1,5,2,3,10,9,7,6,8
406,1,4,10,8,3,5,7,2,9,6
407,1,4,7,2,9,10,5,8,3,6
408,1,9,8,4,6,5,10,3,2,7
409,1,4,5,7,3,2,10,6,9,8
410,4,1,5,2,6,3,7,10,9,8
411,1,4,2,9,3,10,5,8,7,6
412,1,2,4,3,7,8,9,5,10,6
413,1,2,4,10,3,9,6,5,8,7
414,1,4,2,3,7,9,10,5,8,6
415,1,2,4,8,3,9,5,10,6,7
416,1,5,9,4,3,10,2,7,6,8
417,1,4,6,8,10,9,2,5,3,7
418,1,4,7,3,5,10,2,9,6,8
419,1,4,5,2,10,8,3,9,7,6
420,4,1,5,9,6,3,2,10,7,8
421,1,4,2,5,3,7,9,6,10,8
422,1,4,5,8,3,9,7,6,2,10
423,4,8,9,1,2,10,3,6,7,5
424,1,4,2,3,10,9,5,8,7,6
425,4,1,8,5,2,6,3,9,10,7
426,1,4,7,6,2,3,5,10,9,8
427,1,4,6,3,5,9,2,10,7,8
428,4,1,5,2,3,10,7,9,6,8
429,1,9,2,4,10,6,5,7,8,3
430,1,4,5,7,2,3,9,8,10,6
431,8,4,10,9,1,6,2,3,5,7
432,1,7,4,2,10,3,5,9,6,8
433,1,4,2,10,8,9,5,3,7,6
434,4,8,1,9,3,2,10,6,5,7
435,1,4,9,8,5,2,3,10,6,7
436,4,1,2,5,3,7,9,10,6,8
437,4,1,5,10,2,3,7,9,6,8
438,1,4,5,2,10,7,6,3,9,8
439,4,1,2,3,5,10,6,8,9,7
440,1,2,4,8,10,7,3,9,5,6
441,1,4,2,9,5,10,6,7,8,3
442,1,4,2,3,7,5,10,8,9,6
443,1,2,4,5,7,3,6,9,10,8
444,1,4,7,2,3,5,6,10,9,8
445,1,4,2,5,7,10,3,9,6,8
446,1,5,4,3,2,6,7,10,9,8
447,4,1,8,9,10,3,2,5,7,6
448,8,4,1,10,9,2,3,7,6,5
449,2,1,4,10,5,9,6,3,8,7
450,1,4,2,5,3,7,6,9,10,8
451,1,4,8,2,10,7,9,3,5,6
452,1,4,2,5,9,3,10,7,6,8
453,1,4,2,8,10,3,9,5,7,6
454,4,1,2,8,9,5,7,3,10,6
455,8,9,4,2,1,10,6,3,7,5
456,8,5,1,4,9,6,3,10,2,7
457,1,4,2,5,3,7,10,6,9,8
458,1,4,5,3,7,2,6,9,10,8
459,4,1,9,5,2,3,6,10,7,8
460,1,4,2,5,3,7,6,10,9,8
461,1,4,5,6,2,3,7,10,9,8
462,4,1,9,8,5,3,10,2,6,7
463,1,2,6,7,3,4,5,10,8,9
464,1,6,3,2,4,5,10,9,8,7
465,4,1,8,9,10,2,3,5,6,7
466,1,5,2,4,7,9,10,3,8,6
467,1,4,5,7,3,2,6,9,10,8
468,9,1,2,5,4,10,8,3,7,6
469,8,4,9,1,10,2,6,3,5,7
470,4,1,9,8,10,2,5,3,6,7
471,4,1,2,9,8,5,6,10,3,7
472,1,4,5,6,9,2,3,7,10,8
473,1,4,9,8,2,10,6,5,3,7
474,1,2,10,4,9,8,3,5,6,7
475,1,4,3,5,7,2,6,10,9,8
476,1,4,2,5,3,7,10,6,9,8
477,1,4,5,2,3,6,7,9,10,8
478,2,8,1,4,9,10,5,7,3,6
479,1,7,4,10,5,6,3,2,8,9
480,4,1,6,10,3,5,9,7,2,8
481,9,1,2,6,5,7,3,8,10,4
482,1,4,2,5,10,3,9,7,6,8
483,1,4,2,3,5,7,10,9,6,8
484,1,2,4,3,10,8,7,9,5,6
485,4,1,5,9,8,6,10,2,3,7
486,1,8,2,4,9,5,10,3,7,6
487,4,1,2,10,3,9,8,5,7,6
488,1,4,5,2,10,7,3,6,9,8
489,8,4,1,9,3,10,2,6,5,7
490,4,1,5,3,2,6,7,9,8,10
491,1,7,4,6,10,5,3,2,8,9
492,1,4,7,2,3,5,6,10,9,8
493,1,4,5,2,9,10,7,3,6,8
494,1,5,2,4,7,10,6,9,3,8
495,1,4,2,5,3,10,8,9,7,6
496,4,1,2,5,7,3,10,6,9,8
497,1,4,3,2,5,7,8,10,9,6
498,8,6,10,1,9,3,4,2,5,7
499,8,4,1,9,7,10,3,5,2,6
500,1,4,5,2,10,3,6,7,9,8
501,4,1,5,10,9,3,8,6,7,2
502,1,4,6,9,5,3,10,2,7,8
503,1,4,2,5,7,3,10,6,9,8
504,1,4,5,2,7,3,6,9,10,8
505,8,9,1,4,10,2,7,3,6,5
506,1,4,5,3,2,9,10,7,6,8
507,4,8,5,9,6,1,3,10,2,7
508,1,4,2,5,10,3,7,6,9,8
509,1,4,7,6,5,2,3,9,10,8
510,6,1,7,5,9,8,4,2,3,10
511,8,6,4,9,1,10,3,2,5,7
512,1,4,2,7,5,3,8,10,6,9
513,8,4,9,5,6,1,10,3,2,7
514,1,4,2,6,5,3,10,7,9,8
515,1,4,2,5,7,10,6,9,3,8
516,1,2,4,3,5,7,10,9,8,6
517,1,4,3,2,7,5,10,6,9,8
518,1,10,4,2,7,3,5,9,6,8
519,1,4,2,3,5,7,10,6,9,8
520,1,4,2,8,3,5,9,10,6,7
521,4,1,5,3,8,2,9,6,10,7
522,1,2,9,4,3,10,8,5,7,6
523,4,1,8,9,2,10,3,6,5,7
524,1,2,4,9,10,3,7,5,8,6
525,8,4,9,1,10,2,5,3,6,7
526,4,1,10,8,9,6,3,5,2,7
527,1,4,5,2,7,9,3,6,10,8
528,1,4,2,5,3,7,6,9,10,8
529,1,2,4,7,5,3,6,10,9,8
530,4,8,1,2,9,6,3,5,10,7
531,4,8,9,1,2,10,3,6,5,7
532,1,4,5,7,2,3,6,9,10,8
533,1,4,2,5,7,3,9,10,6,8
534,1,4,2,5,10,7,3,8,9,6
535,1,4,5,2,3,6,9,8,7,10
536,1,4,2,10,6,7,3,9,5,8
537,1,4,9,5,8,6,2,10,3,7
538,1,4,2,10,3,5,7,9,6,8
539,1,4,3,2,6,10,5,7,9,8
540,4,8,1,9,2,5,7,3,10,6
541,1,4,8,10,9,3,2,7,6,5
542,1,5,4,2,3,6,9,7,8,10
543,1,4,2,9,5,3,8,10,6,7
544,1,2,4,9,8,5,3,10,7,6
545,4,2,5,1,3,7,6,9,10,8
546,1,4,6,2,5,3,7,9,10,8
547,1,4,6,5,3,7,2,8,9,10
548,1,5,4,2,3,9,6,7,10,8
549,1,4,2,3,10,8,9,5,7,6
550,1,2,4,3,8,10,6,9,5,7
551,1,4,3,2,10,5,9,8,6,7
552,4,8,9,1,10,3,6,5,2,7
553,1,4,7,5,3,10,2,6,8,9
554,4,8,1,9,3,2,10,6,7,5
555,1,9,4,8,5,6,2,3,10,7
556,1,4,8,9,2,6,3,5,10,7
557,1,4,2,6,5,9,7,3,10,8
558,1,4,7,5,2,3,10,9,6,8
559,1,4,2,5,3,7,6,10,9,8
560,1,2,7,4,5,6,10,3,9,8
561,4,1,8,9,2,3,10,5,6,7
562,1,4,5,9,2,3,6,10,8,7
563,1,4,3,2,7,5,10,9,6,8
564,4,8,9,1,10,3,6,2,5,7
565,4,8,1,9,6,3,10,2,7,5
566,1,4,3,5,2,7,6,10,9,8
567,8,1,9,3,5,4,6,10,2,7
568,9,8,1,4,2,5,3,6,10,7
569,1,2,4,10,3,5,7,6,9,8
570,1,2,4,5,7,3,6,9,10,8
571,4,1,8,2,5,3,9,6,10,7
572,1,4,8,10,9,2,6,3,5,7
573,1,2,8,9,10,6,5,4,3,7
574,7,1,2,5,4,3,6,9,8,10
575,1,2,4,10,3,9,8,7,6,5
576,4,5,2,1,3,10,6,7,9,8
577,1,4,9,2,3,5,8,6,10,7
578,2,4,1,8,9,10,3,7,6,5
579,4,1,5,6,2,3,10,7,9,8
580,4,7,1,3,5,2,9,10,6,8
581,1,4,2,7,5,3,10,9,6,8
582,1,4,2,10,3,7,5,6,9,8
583,4,6,1,2,9,5,10,8,3,7
584,1,2,4,5,10,9,3,8,6,7
585,4,1,5,3,2,6,7,10,8,9
586,1,4,3,2,10,5,7,9,8,6
587,1,4,2,10,3,9,5,8,6,7
588,1,4,10,2,9,3,5,7,6,8
589,1,4,5,2,7,10,3,9,6,8
590,4,8,1,6,10,9,3,5,2,7
591,4,1,6,7,5,8,2,3,9,10
592,1,2,4,5,7,9,10,6,3,8
593,1,4,5,7,6,3,9,10,2,8
594,1,2,4,10,3,7,5,6,9,8
595,4,1,5,6,9,3,7,8,10,2
596,1,4,7,2,3,5,10,6,9,8
597,4,1,2,10,9,3,8,5,7,6
598,1,4,2,7,3,5,10,6,9,8
599,1,2,4,9,10,3,8,5,6,7
600,1,4,5,2,9,3,6,10,7,8
601,4,1,8,9,10,2,6,5,3,7
602,1,6,2,4,3,7,5,10,9,8
603,4,8,9,1,10,3,6,5,2,7
604,1,2,7,9,4,5,10,3,6,8
605,1,6,4,8,10,3,9,7,5,2
606,1,8,4,10,9,6,3,2,7,5
607,8,9,4,1,2,10,5,3,6,7
608,1,7,4,9,5,2,3,6,10,8
609,1,4,9,10,8,6,5,7,2,3
610,1,4,5,2,9,6,10,7,3,8
611,1,4,2,3,5,7,10,6,8,9
612,1,4,5,2,3,7,10,6,8,9
613,4,1,3,5,10,2,9,7,6,8
614,1,2,4,10,3,9,5,7,6,8
615,1,4,5,7,2,3,9,6,10,8
616,1,5,4,9,6,2,10,3,8,7
617,4,1,8,9,2,6,3,10,5,7
618,1,4,2,5,3,7,6,10,9,8
619,8,4,10,9,1,3,5,2,6,7
620,1,5,4,2,9,7,3,10,6,8
621,1,4,7,5,9,3,2,10,8,6
622,8,4,9,1,10,3,2,5,6,7
623,8,1,9,2,4,10,3,6,5,7
624,1,4,2,7,5,3,6,9,10,8
625,1,4,2,3,7,5,6,10,9,8
626,1,4,2,5,3,7,6,9,10,8
627,8,2,1,9,6,4,10,7,3,5
628,1,4,5,3,2,7,6,9,10,8
629,1,4,2,5,10,7,9,3,8,6
630,4,5,1,2,9,8,10,3,6,7
631,4,1,8,3,9,5,2,10,6,7
632,1,7,4,2,3,5,6,9,10,8
633,4,1,5,3,7,2,10,8,6,9
634,1,4,5,10,6,2,3,9,7,8
635,1,5,4,7,6,2,3,10,9,8
636,1,4,3,8,9,10,6,2,7,5
637,4,10,1,3,7,9,2,6,5,8
638,1,4,2,5,3,7,9,10,6,8
639,1,4,2,3,6,7,5,10,9,8
640,4,6,1,10,2,5,3,7,9,8
641,1,4,10,2,3,6,7,8,9,5
642,1,4,5,3,9,7,2,6,10,8
643,1,4,5,2,3,7,10,6,9,8
644,1,4,2,7,5,3,10,6,9,8
645,1,4,5,7,3,2,10,6,9,8
646,4,1,8,3,10,5,9,2,7,6
647,1,4,7,5,3,8,6,2,9,10
648,1,4,5,6,2,7,3,10,9,8
649,8,9,1,5,4,6,2,3,10,7
650,4,5,1,8,9,2,3,7,6,10
651,8,4,9,1,10,3,5,6,2,7
652,1,4,2,3,5,7,6,10,9,8
653,1,6,10,4,3,7,9,5,2,8
654,1,4,8,2,5,6,3,10,9,7
655,1,4,2,3,9,5,8,10,7,6
656,8,4,9,1,10,2,3,5,6,7
657,1,4,2,7,3,5,10,9,6,8
658,4,8,1,3,10,6,5,2,7,9
659,1,2,4,7,5,3,10,6,9,8
660,1,2,9,8,4,10,6,3,5,7
661,1,4,5,3,2,8,10,6,9,7
662,8,10,2,1,9,4,3,6,5,7
663,4,1,2,3,10,9,5,8,7,6
664,1,4,2,7,3,5,6,10,9,8
665,4,1,5,2,3,7,6,9,10,8
666,1,2,4,8,7,9,3,5,10,6
667,1,4,2,9,3,5,8,10,6,7
668,1,2,4,10,9,8,3,5,7,6
669,1,4,3,2,5,7,10,8,6,9
670,8,4,1,10,9,5,3,2,6,7
671,1,4,2,7,5,3,6,10,9,8
672,1,7,4,2,3,5,6,9,10,8
673,1,4,5,9,2,3,6,7,10,8
674,1,4,3,5,2,7,10,9,6,8
675,4,1,3,8,10,5,2,9,7,6
676,9,1,4,8,2,10,6,5,3,7
677,1,4,2,7,6,5,10,3,9,8
678,1,4,9,5,7,3,8,6,10,2
679,4,5,3,6,2,8,1,9,10,7
680,4,1,5,6,3,2,8,9,7,10
681,8,1,4,9,2,10,3,5,6,7
682,1,4,2,5,3,9,10,7,6,8
683,1,4,9,5,6,3,2,10,7,8
684,1,4,5,3,2,7,6,10,9,8
685,1,2,4,3,7,5,9,10,6,8
686,4,5,1,2,6,3,7,10,9,8
687,1,10,8,4,2,9,3,6,5,7
688,4,9,1,8,10,2,6,3,5,7
689,2,1,4,5,7,3,6,9,8,10
690,1,4,2,3,5,6,7,10,9,8
691,4,1,2,9,8,7,5,3,10,6
692,1,4,2,10,5,7,3,6,9,8
693,4,1,10,9,2,8,6,5,3,7
694,1,4,2,8,10,5,9,6,7,3
695,4,1,2,3,10,8,5,9,7,6
696,2,4,1,5,10,6,9,3,7,8
697,4,1,6,5,9,8,7,3,10,2
698,4,1,2,5,3,7,10,9,6,8
699,1,9,8,10,4,2,6,3,5,7
700,1,4,5,2,3,10,9,6,7,8
701,1,4,2,5,7,8,3,10,9,6
702,1,5,4,9,3,7,6,2,10,8
703,1,4,2,3,7,6,10,5,9,8
704,1,4,2,9,10,8,3,7,5,6
705,1,2,10,4,9,6,7,8,5,3
706,1,4,5,6,2,7,9,3,10,8
707,4,1,5,3,9,10,2,8,7,6
708,1,4,2,5,7,3,9,10,6,8
709,1,4,2,5,3,9,7,10,6,8
710,1,4,5,6,3,9,2,7,10,8
711,1,5,2,4,7,3,10,9,6,8
712,4,1,6,5,9,3,2,8,7,10
713,1,2,4,3,9,8,10,5,6,7
714,1,4,9,2,8,5,3,10,7,6
715,1,4,5,2,7,3,9,10,6,8
716,4,1,5,2,6,8,3,10,7,9
717,1,4,2,7,5,6,3,10,9,8
718,1,4,2,3,10,7,6,8,9,5
719,1,5,3,7,2,6,9,4,10,8
720,1,10,8,9,4,2,6,3,5,7
721,5,3,2,8,4,6,1,9,7,10
722,4,1,9,5,3,8,2,6,10,7
723,1,5,8,2,4,9,10,3,7,6
724,1,4,2,7,3,5,10,9,8,6
725,1,2,9,10,4,8,3,5,7,6
726,1,4,5,9,6,2,3,7,10,8
727,1,2,7,10,4,3,6,5,9,8
728,4,1,3,2,6,5,7,9,10,8
729,4,1,2,8,9,10,7,3,5,6
730,4,1,2,3,5,10,9,8,6,7
731,1,4,2,5,7,6,9,3,10,8
732,4,1,2,3,5,7,10,9,6,8
733,2,10,9,1,7,4,5,6,8,3
734,8,4,1,6,5,10,9,7,2,3
735,1,4,2,5,7,3,10,6,9,8
736,1,4,5,9,2,3,6,7,10,8
737,1,2,7,10,4,9,5,3,6,8
738,1,4,5,9,3,6,10,8,2,7
739,1,8,9,2,3,10,6,5,4,7
740,4,8,9,1,10,3,6,5,2,7
741,1,4,2,3,5,10,9,7,8,6
742,4,1,6,5,9,3,2,7,8,10
743,1,7,4,3,10,2,5,9,6,8
744,1,2,4,3,10,9,5,7,6,8
745,1,2,4,3,10,9,7,8,5,6
746,1,4,2,5,3,6,7,9,10,8
747,4,1,3,2,5,7,6,10,8,9
748,1,2,4,7,3,8,10,9,6,5
749,8,9,4,2,1,3,10,5,7,6
750,4,8,1,9,10,2,3,6,5,7
751,1,4,5,7,6,3,2,9,10,8
752,1,4,9,5,10,2,8,3,7,6
753,1,4,8,9,10,3,2,5,7,6
754,1,2,10,4,7,6,5,3,9,8
755,1,4,2,5,3,10,9,7,8,6
756,4,1,2,3,10,7,9,5,8,6
757,1,4,2,3,5,9,10,7,6,8
758,1,4,5,3,2,7,6,10,9,8
759,1,4,2,8,9,3,5,10,6,7
760,1,4,2,3,7,5,10,9,6,8
761,4,1,2,5,3,9,7,10,6,8
762,1,4,2,3,9,10,5,6,7,8
763,1,4,2,5,7,3,9,10,8,6
764,2,1,3,9,4,5,8,10,6,7
765,1,4,2,10,7,5,9,3,6,8
766,1,4,2,3,10,5,9,6,8,7
767,4,1,10,5,6,2,7,3,9,8
768,1,4,2,5,9,10,3,7,6,8
769,4,1,3,2,5,7,10,6,9,8
770,1,4,8,2,3,9,10,5,7,6
771,1,4,2,3,9,10,7,6,5,8
772,1,4,2,7,5,3,9,10,6,8
773,1,4,7,6,2,5,3,10,9,8
774,1,2,4,10,7,3,6,9,5,8
775,4,1,3,7,5,2,6,9,10,8
776,4,9,1,2,3,8,5,7,6,10
777,1,4,2,5,3,7,6,10,8,9
778,1,4,5,2,6,3,10,9,7,8
779,9,8,4,1,3,6,2,10,7,5
780,4,8,1,9,2,10,3,5,6,7
781,1,4,10,6,7,3,8,2,9,5
782,1,5,7,4,6,10,3,2,9,8
783,1,4,2,8,5,9,3,10,7,6
784,2,1,8,5,9,7,10,4,3,6
785,4,1,2,3,10,5,6,9,8,7
786,1,4,5,7,2,3,6,10,9,8
787,1,4,2,5,10,3,9,6,7,8
788,1,4,8,5,3,9,2,7,6,10
789,1,4,5,3,9,2,7,10,6,8
790,1,2,10,9,8,3,5,4,7,6
791,1,4,2,3,5,9,7,10,6,8
792,8,1,9,5,3,10,4,2,6,7
793,4,1,5,9,3,10,8,7,2,6
794,4,1,2,3,10,5,7,9,6,8
795,1,4,5,10,2,3,8,6,9,7
796,8,4,9,1,2,3,10,5,6,7
797,4,9,8,2,6,1,3,5,10,7
798,6,1,2,10,3,9,7,4,5,8
799,2,4,1,3,8,9,10,5,6,7
800,1,7,4,2,3,5,10,6,9,8
801,1,4,7,2,5,3,10,6,9,8
802,1,4,5,9,3,2,7,10,6,8
803,2,1,7,3,6,4,8,5,10,9
804,1,4,5,7,3,2,10,9,8,6
805,1,4,5,2,3,7,9,6,10,8
806,1,3,9,2,10,4,8,5,6,7
807,1,8,5,2,3,4,9,7,10,6
808,1,2,4,9,3,10,8,5,7,6
809,4,1,5,2,7,9,3,6,10,8
810,1,4,9,2,8,10,3,7,5,6
811,1,7,3,4,5,2,8,6,9,10
812,1,4,2,6,3,5,10,9,7,8
813,1,2,4,7,9,3,10,5,8,6
814,1,3,4,2,8,9,10,7,5,6
815,7,1,4,2,6,3,5,10,9,8
816,1,2,4,7,3,10,8,5,9,6
817,1,4,2,7,10,5,3,6,8,9
818,1,4,2,8,9,5,10,3,6,7
819,1,2,4,9,3,8,10,5,7,6
820,1,2,4,5,3,7,9,6,10,8
821,4,1,9,5,6,10,3,2,7,8
822,4,5,1,2,9,3,6,7,8,10
823,1,4,5,7,2,10,3,9,6,8
824,1,4,2,5,6,9,3,7,10,8
825,1,8,9,5,4,3,6,10,7,2
826,8,4,6,1,9,5,3,10,2,7
827,1,5,4,10,9,2,6,3,7,8
828,1,2,4,9,8,3,5,10,6,7
829,1,2,4,3,9,10,7,5,8,6
830,1,4,2,10,3,9,5,6,7,8
831,4,1,5,6,9,2,8,3,7,10
832,4,8,10,9,1,2,6,3,5,7
833,1,4,2,10,3,9,6,7,8,5
834,1,4,9,8,2,10,7,3,6,5
835,4,1,5,3,2,9,6,10,7,8
836,1,4,2,10,8,3,9,6,5,7
837,1,4,5,2,7,3,10,9,6,8
838,1,4,2,10,3,9,7,5,6,8
839,1,2,4,10,8,3,7,9,6,5
840,1,2,4,7,10,6,5,3,9,8
841,1,2,4,5,3,9,10,6,7,8
842,4,1,8,2,9,10,3,5,6,7
843,1,2,4,9,10,3,5,8,6,7
844,1,4,2,10,3,8,9,7,5,6
845,4,1,8,2,9,10,5,3,7,6
846,4,8,10,9,1,3,2,5,6,7
847,1,4,3,2,7,5,6,10,8,9
848,1,4,10,3,5,6,7,9,8,2
849,4,1,5,9,3,8,2,10,7,6
850,1,2,6,7,4,5,10,3,9,8
851,4,1,2,8,10,3,5,9,6,7
852,4,2,1,8,9,3,10,5,6,7
853,4,1,5,8,9,7,6,3,2,10
854,1,4,3,7,10,2,5,6,9,8
855,4,1,5,3,2,7,9,8,6,10
856,8,9,4,1,10,2,5,7,3,6
857,1,4,3,2,10,9,8,7,5,6
858,5,4,10,1,6,3,9,7,2,8
859,1,4,7,5,3,2,6,9,10,8
860,1,2,4,3,8,10,5,9,7,6
861,8,5,4,9,1,10,3,6,2,7
862,2,9,4,8,3,6,1,10,5,7
863,1,4,5,3,2,7,10,9,6,8
864,1,4,3,10,2,9,8,5,6,7
865,1,4,2,9,5,3,10,7,8,6
866,1,4,5,2,9,3,10,7,6,8
867,4,1,5,6,2,3,9,10,7,8
868,1,5,4,7,2,6,3,10,9,8
869,4,1,5,3,2,7,9,6,8,10
870,1,4,2,10,5,3,9,8,7,6
871,1,2,4,9,10,5,8,3,7,6
872,1,8,4,2,10,9,3,5,6,7
873,1,4,2,3,10,9,7,6,5,8
874,4,1,8,6,9,10,7,2,3,5
875,1,4,9,5,7,10,3,2,6,8
876,1,2,4,9,10,3,5,7,6,8
877,1,4,5,7,2,3,6,10,9,8
878,1,2,8,4,9,10,3,7,6,5
879,8,4,1,9,5,3,2,10,7,6
880,5,1,4,6,10,3,8,2,7,9
881,1,2,4,7,5,10,3,6,9,8
882,8,4,1,9,10,2,3,5,7,6
883,1,2,7,4,3,10,5,6,9,8
884,1,4,7,2,5,3,10,8,6,9
885,1,4,2,3,9,5,10,7,8,6
886,1,5,4,3,2,7,10,6,9,8
887,1,2,4,10,7,3,6,9,5,8
888,4,1,6,5,2,10,7,3,9,8
889,4,1,8,2,9,3,10,5,7,6
890,4,1,3,5,2,7,6,10,9,8
891,2,4,1,3,5,9,6,7,10,8
892,1,4,2,7,10,3,5,6,9,8
893,1,4,6,10,5,9,3,7,2,8
894,4,1,5,2,3,7,6,10,9,8
895,1,2,4,7,10,5,9,3,6,8
896,1,4,5,2,7,6,10,3,9,8
897,1,7,5,4,3,9,10,2,6,8
898,1,4,2,5,10,6,9,3,7,8
899,1,4,2,5,3,10,6,7,9,8
900,1,4,5,7,2,3,10,6,9,8
901,1,4,5,6,2,3,9,7,10,8
902,1,4,5,7,2,3,9,6,8,10
903,1,5,4,2,6,9,3,7,8,10
904,1,2,4,8,10,3,7,6,9,5
905,1,4,2,3,6,9,5,7,10,8
906,1,2,4,7,3,9,6,5,8,10
907,1,2,4,3,5,10,9,7,6,8
908,1,4,7,3,2,10,5,9,6,8
909,8,6,10,9,1,4,5,2,3,7
910,1,2,4,3,10,9,8,7,6,5
911,1,4,9,2,5,8,10,3,6,7
912,8,4,10,9,5,1,3,2,6,7
913,1,6,9,4,2,7,5,10,3,8
914,4,1,2,8,10,3,9,7,5,6
915,1,4,2,3,5,7,10,6,9,8
916,1,2,8,4,9,10,7,3,5,6
917,9,5,1,4,6,2,3,10,8,7
918,1,5,4,9,3,2,7,6,8,10
919,1,4,5,7,3,2,9,10,6,8
920,4,1,2,9,5,8,10,3,6,7
921,1,4,5,2,3,6,7,8,9,10
922,1,2,4,7,3,5,9,10,6,8
923,1,4,7,5,2,10,3,6,9,8
924,8,9,1,4,10,3,2,6,5,7
925,1,4,8,2,3,10,6,9,5,7
926,4,1,2,8,9,5,3,6,10,7
927,1,4,3,7,2,5,6,10,9,8
928,1,4,2,3,5,7,8,9,10,6
929,1,4,5,2,3,9,7,10,6,8
930,4,1,5,6,7,3,2,9,8,10
931,1,4,2,9,5,3,7,6,8,10
932,1,8,4,9,3,2,10,6,7,5
933,6,1,4,9,8,2,5,10,3,7
934,4,1,2,8,6,10,3,7,5,9
935,1,2,4,10,9,3,5,8,7,6
936,1,4,5,7,3,2,6,9,10,8
937,4,1,5,6,3,2,9,7,10,8
938,1,4,2,7,5,3,10,6,9,8
939,1,4,5,9,2,7,10,3,8,6
940,4,8,1,10,2,9,3,6,5,7
941,4,1,2,8,3,6,10,9,5,7
942,1,4,5,2,3,7,10,6,9,8
943,4,1,9,8,2,5,6,10,3,7
944,1,4,5,6,7,2,3,9,10,8
945,1,4,6,5,3,2,7,10,8,9
946,1,4,2,3,5,7,6,10,9,8
947,4,1,2,3,10,5,9,6,7,8
948,5,1,4,2,3,7,9,8,10,6
949,4,1,5,7,3,9,6,2,10,8
950,1,4,7,2,3,10,9,8,5,6
951,1,5,7,4,2,9,10,3,6,8
952,4,8,10,1,9,3,5,6,2,7
953,8,9,1,4,10,2,6,3,5,7
954,10,8,2,1,6,9,4,7,3,5
955,1,2,4,9,5,3,10,8,7,6
956,4,1,8,2,5,9,3,10,7,6
957,4,1,6,3,5,9,2,7,8,10
958,1,4,5,3,10,2,7,9,6,8
959,4,1,5,9,7,3,2,10,6,8
960,1,4,5,3,2,7,10,9,6,8
961,1,4,2,3,5,7,10,6,9,8
962,1,2,4,5,3,7,10,6,9,8
963,1,4,3,7,5,9,10,8,2,6
964,1,4,2,5,7,3,6,9,10,8
965,1,4,2,3,5,7,6,10,9,8
966,1,4,2,3,5,9,10,7,6,8
967,6,1,8,5,9,10,4,2,3,7
968,1,4,2,5,3,7,10,6,9,8
969,1,4,2,5,7,3,6,9,10,8
970,8,4,1,9,5,2,10,6,3,7
971,1,4,2,5,3,7,10,9,6,8
972,1,2,4,10,8,6,9,7,3,5
973,1,4,9,10,2,8,3,6,7,5
974,8,4,1,10,9,2,3,5,6,7
975,1,4,9,8,5,2,10,6,3,7
976,1,2,4,3,8,7,10,9,5,6
977,4,1,8,9,3,6,10,2,7,5
978,4,8,1,9,6,3,10,5,7,2
979,1,4,2,3,10,9,7,8,6,5
980,6,1,4,5,10,7,9,2,3,8
981,4,1,7,5,2,3,10,6,9,8
982,1,4,2,5,3,7,10,9,6,8
983,1,10,2,5,7,4,9,3,6,8
984,1,4,3,5,6,8,9,2,10,7
985,1,7,10,4,5,3,8,2,6,9
986,4,1,6,8,9,5,3,10,2,7
987,1,3,8,10,4,6,7,2,5,9
988,5,9,4,6,7,1,3,8,10,2
989,1,4,3,7,6,5,9,2,10,8
990,1,4,5,3,7,2,10,9,8,6
991,1,2,4,3,8,10,5,9,6,7
992,1,2,3,4,5,7,10,6,9,8
993,1,4,2,5,3,10,8,9,7,6
994,8,4,9,1,2,5,3,6,10,7
995,4,8,9,1,10,3,2,7,5,6
996,1,4,7,3,5,10,2,9,6,8
997,1,7,4,5,2,3,9,6,10,8
998,1,2,4,3,8,9,10,5,6,7
999,1,4,7,6,3,2,5,9,10,8
1000,1,4,5,7,2,9,6,10,3,8
1001,1,4,5,2,3,7,10,9,8,6
1002,4,1,9,8,10,3,2,6,5,7
1003,4,1,8,3,2,10,9,5,6,7
1004,1,7,2,8,4,5,3,10,6,9
1005,1,4,2,3,5,7,10,9,6,8
1006,2,6,1,10,4,9,8,3,5,7
1007,4,1,3,2,8,7,6,9,10,5
1008,4,1,2,5,3,6,7,9,10,8
1009,1,8,4,9,5,2,10,3,6,7
1010,1,10,4,2,9,6,5,3,7,8
1011,1,4,2,3,10,7,6,5,8,9
1012,8,1,4,2,9,10,3,5,6,7
1013,4,1,6,8,10,3,2,7,5,9
1014,1,4,9,10,5,3,8,2,7,6
1015,1,4,9,2,5,3,7,10,8,6
1016,1,9,4,7,3,2,10,5,8,6
1017,1,4,5,2,7,3,10,6,9,8
1018,1,4,2,10,7,5,3,9,6,8
1019,4,1,2,8,9,10,3,5,7,6
1020,4,1,2,8,3,9,10,5,7,6
1021,1,2,4,3,10,7,5,8,6,9
1022,1,4,2,10,5,3,7,9,6,8
1023,9,4,1,8,2,5,3,6,7,10
1024,1,4,5,2,3,7,9,10,6,8
1025,1,6,7,5,2,9,10,8,4,3
1026,4,5,1,6,2,9,7,3,8,10
1027,1,5,4,10,2,6,7,3,9,8
1028,4,1,2,3,5,6,7,8,10,9
1029,1,7,4,3,5,2,9,10,6,8
1030,8,1,4,2,9,3,10,6,5,7
1031,1,4,5,2,7,10,6,3,9,8
1032,1,4,7,6,10,5,2,3,9,8
1033,4,1,2,10,3,9,7,6,8,5
1034,4,1,7,5,10,6,2,3,8,9
1035,8,4,1,9,2,5,6,3,10,7
1036,1,4,2,3,7,10,9,5,8,6
1037,4,1,5,3,7,8,6,2,10,9
1038,1,2,4,8,9,3,10,5,6,7
1039,4,6,8,1,10,9,5,2,7,3
1040,4,1,5,3,2,7,10,9,6,8
1041,1,4,5,3,2,7,6,10,9,8
1042,4,8,1,9,7,10,3,5,2,6
1043,8,4,1,10,9,7,2,3,5,6
1044,1,5,4,3,2,10,7,6,8,9
1045,1,5,4,2,3,9,6,7,10,8
1046,1,5,4,7,9,10,3,2,6,8
1047,4,8,9,1,10,2,3,6,7,5
1048,8,4,1,2,9,7,10,3,6,5
1049,4,1,2,5,3,9,10,6,7,8
1050,1,4,5,2,7,3,9,6,10,8
1051,1,4,2,5,3,7,9,10,6,8
1052,1,2,4,10,9,3,8,6,5,7
1053,1,2,4,9,10,7,5,6,3,8
1054,4,2,1,9,3,8,6,7,10,5
1055,4,8,1,9,10,3,2,5,6,7
1056,1,2,4,9,3,10,7,8,6,5
1057,1,4,2,7,10,3,5,9,6,8
1058,1,2,9,10,4,5,3,8,6,7
1059,1,7,2,4,5,9,3,8,10,6
1060,1,4,5,7,3,2,6,10,9,8
1061,1,3,4,7,5,10,9,8,2,6
1062,4,1,9,8,5,2,6,10,7,3
1063,4,1,9,8,10,2,3,5,7,6
1064,8,4,1,9,10,3,5,2,6,7
1065,4,8,9,1,3,10,2,5,6,7
1066,4,1,6,5,10,2,9,3,8,7
1067,1,5,2,6,4,10,7,3,9,8
1068,4,1,8,9,2,10,6,5,3,7
1069,1,4,2,3,10,9,7,8,5,6
1070,1,4,7,5,3,8,2,6,10,9
1071,1,7,3,4,5,2,9,10,6,8
1072,8,4,1,6,9,10,2,3,5,7
1073,4,1,5,9,2,7,6,10,3,8
1074,6,5,3,9,8,2,4,1,10,7
1075,1,2,4,3,9,10,8,5,7,6
1076,1,5,4,7,2,3,9,6,10,8
1077,1,4,2,10,7,3,8,5,9,6
1078,4,1,10,2,9,3,7,6,5,8
1079,1,4,2,5,3,7,10,9,6,8
1080,1,2,4,10,9,3,8,6,5,7
1081,1,2,4,3,9,10,7,5,6,8
1082,1,2,4,3,9,10,8,5,7,6
1083,1,4,2,6,7,5,10,9,3,8
1084,1,4,2,9,3,8,10,7,6,5
1085,1,4,2,5,3,7,6,10,9,8
1086,4,1,5,9,3,7,2,10,6,8
1087,1,4,5,7,2,3,10,9,6,8
1088,1,4,2,5,7,3,10,6,9,8
1089,1,2,4,3,10,5,9,8,7,6
1090,4,8,10,1,9,2,3,5,7,6
1091,4,1,5,2,3,7,9,6,8,10
1092,4,8,9,1,10,3,2,6,5,7
1093,1,4,5,2,10,9,7,3,6,8
1094,1,9,8,2,7,10,3,4,5,6
1095,6,4,1,3,5,10,9,8,7,2
1096,1,2,10,4,8,9,5,3,6,7
1097,4,1,2,5,3,7,10,9,6,8
1098,8,4,1,9,10,2,3,6,5,7
1099,1,4,2,7,10,3,5,6,9,8
1100,8,4,1,9,10,2,3,7,5,6
1101,1,4,5,2,7,3,9,10,6,8
1102,1,4,2,3,9,5,10,6,8,7
1103,4,9,1,5,3,6,10,2,8,7
1104,8,4,1,9,2,5,10,3,6,7
1105,1,4,5,2,3,10,6,9,7,8
1106,4,1,6,5,7,2,10,8,9,3
1107,8,1,3,4,9,6,5,10,2,7
1108,1,4,3,2,5,7,6,10,9,8
1109,1,6,4,2,5,3,7,10,8,9
1110,1,4,2,8,10,9,7,5,3,6
1111,4,5,3,2,8,1,9,7,10,6
1112,4,1,2,10,3,9,5,7,6,8
1113,1,8,4,2,7,5,3,9,10,6
1114,4,1,10,2,6,5,8,3,9,7
1115,1,4,7,5,2,3,6,8,10,9
1116,1,4,2,3,8,5,9,7,6,10
1117,1,4,3,2,7,6,5,10,9,8
1118,4,9,1,8,3,10,5,2,6,7
1119,1,4,2,8,3,5,9,6,10,7
1120,1,2,4,7,3,9,5,10,6,8
1121,1,4,5,2,9,7,10,3,8,6
1122,1,4,2,5,9,3,6,7,10,8
1123,6,1,4,10,8,3,2,9,5,7
1124,4,8,1,9,2,10,3,6,5,7
1125,1,4,7,3,5,2,9,10,6,8
1126,4,6,5,1,10,9,8,3,2,7
1127,1,4,2,7,3,5,10,6,9,8
1128,1,7,2,4,10,5,9,3,6,8
1129,8,10,9,1,2,4,6,3,7,5
1130,1,2,4,6,9,8,3,10,5,7
1131,1,2,9,5,10,4,6,3,8,7
1132,1,4,2,5,7,10,3,9,6,8
1133,4,1,2,3,8,10,9,5,6,7
1134,1,2,4,7,3,10,6,5,9,8
1135,1,4,7,6,5,2,3,10,9,8
1136,4,1,2,8,10,3,9,5,6,7
1137,8,1,4,5,2,6,9,3,10,7
1138,1,4,2,7,9,5,10,6,3,8
1139,1,2,4,8,9,10,3,6,5,7
1140,6,2,1,9,7,4,10,3,8,5
1141,1,4,2,7,5,6,3,10,9,8
1142,1,2,10,8,3,7,6,4,9,5
1143,1,4,2,5,3,7,10,9,6,8
1144,1,4,5,2,3,6,7,9,10,8
1145,4,1,5,7,2,3,9,6,10,8
1146,1,7,4,5,2,9,3,10,8,6
1147,1,2,4,9,5,10,3,8,7,6
1148,1,4,5,2,3,7,9,6,10,8
1149,1,2,4,3,8,5,10,9,6,7
1150,4,1,5,2,6,8,3,7,10,9
1151,1,2,4,5,10,3,7,6,9,8
1152,1,4,9,2,5,10,3,7,8,6
1153,10,4,1,6,8,9,3,2,7,5
1154,1,2,4,3,10,7,6,8,9,5
1155,1,2,4,3,7,9,10,5,6,8
1156,1,2,5,4,3,6,7,10,9,8
1157,1,2,4,3,5,7,6,10,9,8
1158,1,4,2,7,3,10,5,6,9,8
1159,1,3,7,6,4,5,2,9,8,10
1160,5,3,9,2,8,6,10,1,4,7
1161,4,1,6,5,7,3,10,2,9,8
1162,4,1,5,3,2,9,6,7,10,8
1163,1,5,4,9,6,3,10,7,2,8
1164,1,4,5,10,7,6,2,3,9,8
1165,4,1,3,5,8,2,7,6,10,9
1166,1,2,4,7,5,3,10,6,9,8
1167,1,4,2,3,7,10,5,6,8,9
1168,4,1,5,2,3,7,6,10,9,8
1169,1,4,5,3,2,7,10,9,6,8
1170,1,4,5,3,8,2,9,10,6,7
1171,4,1,6,5,10,3,9,2,7,8
1172,4,1,5,2,6,9,3,10,7,8
1173,8,1,4,10,9,3,6,2,5,7
1174,1,8,9,4,10,2,7,3,6,5
1175,1,4,2,7,5,3,10,8,9,6
1176,1,6,4,7,3,2,10,5,9,8
1177,1,9,4,8,3,2,5,10,6,7
1178,4,1,10,3,5,2,6,9,8,7
1179,4,1,8,5,9,10,6,3,2,7
1180,1,2,4,5,10,8,9,3,6,7
1181,1,4,2,7,6,5,9,10,3,8
1182,1,4,5,7,2,3,9,8,10,6
1183,1,8,4,7,2,9,10,3,5,6
1184,1,4,2,5,3,7,6,10,9,8
1185,1,4,9,7,2,3,8,6,5,10
1186,8,1,9,10,4,6,2,5,3,7
1187,4,1,3,6,7,10,9,5,2,8
1188,1,4,2,8,3,10,9,5,7,6
1189,1,4,5,2,3,7,6,9,10,8
1190,4,1,9,5,2,6,10,3,8,7
1191,1,4,2,3,5,9,10,8,6,7
1192,1,4,5,2,9,3,7,10,6,8
1193,1,6,4,2,3,5,10,7,9,8
1194,4,8,1,6,9,3,2,7,5,10
1195,1,4,2,5,10,7,3,9,6,8
1196,4,1,2,3,9,8,10,7,5,6
1197,1,4,8,2,10,9,3,5,7,6
1198,1,4,2,10,7,5,3,6,8,9
1199,1,4,2,8,10,9,3,6,7,5
1200,1,4,2,3,5,9,10,7,6,8
1201,1,5,4,2,7,9,3,10,6,8
1202,5,4,1,8,2,3,9,6,10,7
1203,1,4,2,3,5,10,7,6,9,8
1204,1,4,5,3,10,7,9,6,2,8
1205,4,1,5,3,2,9,8,6,7,10
1206,1,2,4,10,3,9,5,7,8,6
1207,1,7,2,10,3,5,4,9,8,6
1208,1,7,4,3,2,5,6,10,9,8
1209,1,4,2,3,5,7,10,9,6,8
1210,4,1,2,7,5,3,9,10,6,8
1211,1,4,2,5,10,3,7,9,6,8
1212,1,4,2,3,5,9,10,6,8,7
1213,2,1,4,5,7,3,9,10,6,8
1214,1,4,3,2,7,5,9,6,8,10
1215,1,4,2,3,10,5,7,9,6,8
1216,1,4,8,2,5,9,3,6,10,7
1217,1,10,4,7,3,2,5,9,6,8
1218,1,5,4,2,8,3,7,9,6,10
1219,1,4,2,10,9,5,8,3,7,6
1220,2,1,4,9,10,3,8,6,5,7
1221,1,4,5,6,9,8,10,2,3,7
1222,1,2,4,5,3,9,10,6,8,7
1223,8,4,1,9,10,2,5,3,7,6
1224,4,1,2,3,10,5,9,8,6,7
1225,1,2,4,3,5,10,9,7,8,6
1226,8,6,10,9,1,4,3,2,5,7
1227,1,4,2,5,7,3,10,6,9,8
1228,4,1,8,5,2,3,10,9,6,7
1229,1,4,2,6,3,7,10,8,9,5
1230,1,8,4,10,9,2,3,5,6,7
1231,1,9,4,6,8,10,2,3,7,5
1232,1,4,7,2,3,5,10,6,9,8
1233,1,4,2,3,7,5,10,6,8,9
1234,1,4,2,3,8,7,10,6,5,9
1235,2,1,9,10,4,8,3,7,5,6
1236,1,7,5,2,4,10,6,3,9,8
1237,1,4,2,5,3,9,7,10,6,8
1238,5,1,4,3,2,10,7,6,9,8
1239,1,4,5,2,3,7,10,9,6,8
1240,4,1,5,2,6,3,7,9,8,10
1241,1,4,2,3,7,10,5,9,6,8
1242,1,4,5,2,3,7,9,10,6,8
1243,1,5,4,10,9,6,3,7,2,8
1244,1,4,2,5,10,7,9,6,3,8
1245,8,4,1,9,10,3,6,2,5,7
1246,1,4,2,7,5,6,3,10,9,8
1247,1,4,2,3,7,8,10,5,9,6
1248,1,4,5,3,7,2,9,10,6,8
1249,8,9,4,1,10,3,6,2,5,7
1250,4,1,6,3,5,2,10,9,8,7
1251,8,4,9,1,3,2,5,10,6,7
1252,1,4,7,2,3,10,5,9,6,8
1253,8,4,1,10,9,2,3,5,6,7
1254,1,4,9,2,3,6,5,10,7,8
1255,1,4,7,5,2,3,9,8,10,6
1256,1,4,5,2,7,3,10,9,6,8
1257,1,2,4,3,10,9,7,5,8,6
1258,4,1,2,3,9,7,10,5,6,8
1259,1,4,3,5,2,7,9,6,10,8
1260,8,4,2,9,1,10,6,5,3,7
1261,1,4,5,2,7,3,6,10,9,8
1262,8,4,10,1,9,2,3,5,6,7
1263,1,4,5,3,2,7,10,6,9,8
1264,4,1,8,2,10,3,5,9,7,6
1265,1,7,5,4,3,2,10,6,8,9
1266,1,4,6,2,7,5,3,10,9,8
1267,5,4,6,9,1,8,3,2,10,7
1268,4,1,2,9,8,3,5,10,6,7
1269,1,4,2,7,5,3,10,9,6,8
1270,4,1,6,5,9,7,10,2,8,3
1271,1,2,4,10,8,3,7,9,5,6
1272,4,1,5,3,9,6,2,10,7,8
1273,1,4,5,2,7,6,3,10,9,8
1274,1,4,10,2,7,5,3,9,6,8
1275,1,4,2,5,9,7,10,3,8,6
1276,1,5,2,4,9,7,3,6,8,10
1277,1,4,8,2,10,9,3,6,5,7
1278,4,1,9,3,10,5,2,8,6,7
1279,1,2,4,3,7,6,9,10,5,8
1280,1,2,4,8,9,5,3,10,7,6
1281,1,5,4,9,3,2,6,10,7,8
1282,4,1,5,2,3,7,9,10,6,8
1283,4,1,2,3,10,5,8,9,6,7
1284,1,4,3,7,2,5,9,10,8,6
1285,1,2,4,5,7,10,9,3,6,8
1286,4,1,5,6,2,3,9,8,10,7
1287,1,4,5,2,3,10,7,9,6,8
1288,1,4,3,2,9,10,6,8,5,7
1289,1,4,7,6,3,2,5,10,9,8
1290,1,4,2,10,3,5,7,9,6,8
1291,1,4,5,3,10,2,9,7,6,8
1292,1,4,10,9,8,6,5,3,2,7
1293,1,6,5,4,3,8,10,9,7,2
1294,4,6,1,8,10,5,2,9,7,3
1295,1,4,3,5,7,6,2,9,10,8
1296,4,1,5,3,9,10,7,2,6,8
1297,4,1,6,3,5,2,7,10,8,9
1298,1,7,2,3,4,6,5,10,9,8
1299,1,5,9,10,3,4,2,8,7,6
1300,2,1,4,8,9,5,3,7,10,6
1301,1,9,4,5,7,2,10,3,6,8
1302,1,4,8,2,9,10,3,6,7,5
1303,4,1,7,5,6,3,8,10,2,9
1304,1,5,4,2,3,9,10,7,6,8
1305,5,1,2,3,4,10,7,9,6,8
1306,4,1,5,3,2,7,10,6,8,9
1307,1,4,8,9,10,6,2,5,3,7
1308,8,10,4,1,2,9,3,6,7,5
1309,1,4,2,5,3,7,10,9,6,8
1310,4,1,8,9,3,2,10,5,6,7
1311,1,4,5,2,9,3,10,8,7,6
1312,1,2,4,9,3,8,10,5,7,6
1313,1,2,4,10,9,5,6,3,7,8
1314,4,1,9,8,2,10,3,6,5,7
1315,1,4,5,9,10,2,7,6,3,8
1316,1,4,5,3,2,9,7,6,10,8
1317,1,9,4,2,5,10,7,3,8,6
1318,4,8,1,6,2,9,3,5,10,7
1319,1,4,7,2,3,5,10,6,9,8
1320,4,1,5,2,9,3,10,8,7,6
1321,1,4,8,7,2,10,9,5,6,3
1322,1,4,3,9,8,2,5,10,7,6
1323,8,4,9,1,2,10,3,5,6,7
1324,1,4,3,5,7,2,6,10,9,8
1325,1,4,5,9,3,2,7,10,6,8
1326,1,8,4,9,10,2,5,6,3,7
1327,4,1,8,2,10,9,3,5,7,6
1328,1,2,4,3,7,10,5,6,8,9
1329,4,1,2,8,10,3,9,6,5,7
1330,1,4,2,3,9,5,8,10,7,6
1331,1,4,3,5,2,7,8,9,10,6
1332,1,4,3,5,10,7,2,9,8,6
1333,1,4,7,5,9,3,2,10,6,8
1334,1,4,2,10,3,7,9,6,5,8
1335,1,9,4,2,7,10,6,8,3,5
1336,4,8,1,9,3,2,5,10,6,7
1337,8,1,4,5,2,3,9,10,6,7
1338,4,1,8,10,9,2,3,6,5,7
1339,4,8,1,9,10,2,3,5,6,7
1340,1,4,2,3,10,7,9,8,5,6
1341,1,3,2,4,5,10,6,7,9,8
1342,1,4,5,3,2,7,9,6,10,8
1343,1,4,2,3,10,8,9,5,6,7
1344,1,4,2,5,7,3,10,6,9,8
1345,1,2,10,4,3,8,5,9,6,7
1346,2,9,1,8,4,10,6,5,3,7
1347,1,4,3,7,5,2,8,10,6,9
1348,10,8,2,1,9,6,4,7,3,5
1349,4,1,3,5,2,9,7,6,10,8
1350,1,4,2,3,5,7,6,10,9,8
1351,1,2,4,3,5,7,6,10,9,8
1352,4,8,1,10,9,2,3,7,5,6
1353,1,8,2,4,9,3,10,5,7,6
1354,1,4,2,5,7,3,10,6,9,8
1355,1,4,2,8,3,9,6,5,10,7
1356,1,4,2,7,3,5,10,9,6,8
1357,1,4,7,2,10,5,6,3,9,8
1358,1,2,4,8,3,9,5,10,7,6
1359,4,1,5,8,9,10,6,3,2,7
1360,4,8,1,9,10,2,6,3,7,5
1361,1,4,6,3,7,10,9,8,5,2
1362,4,8,1,10,9,3,7,2,5,6
1363,1,4,5,7,3,2,6,10,9,8
1364,4,8,1,9,2,3,10,5,6,7
1365,4,1,5,10,2,3,7,6,9,8
1366,1,2,4,9,10,5,3,8,6,7
1367,1,2,4,3,10,7,8,9,5,6
1368,1,4,5,3,7,2,10,9,6,8
1369,1,4,2,3,5,7,9,10,6,8
1370,1,4,2,3,10,9,7,8,5,6
1371,1,4,5,7,3,2,6,9,10,8
1372,1,2,9,8,5,3,4,10,7,6
1373,1,4,3,2,7,5,6,9,10,8
1374,1,4,2,5,3,10,7,6,9,8
1375,1,2,4,3,7,9,10,5,8,6
1376,1,2,4,5,7,3,10,6,9,8
1377,1,4,3,5,2,7,10,9,6,8
1378,1,2,6,5,7,4,3,10,9,8
1379,1,4,3,7,2,10,5,9,6,8
1380,1,4,2,3,9,10,5,8,7,6
1381,1,4,2,5,3,7,9,10,8,6
1382,1,4,2,8,5,7,3,10,9,6
1383,10,9,1,4,5,6,3,7,8,2
1384,1,4,7,2,6,5,10,3,9,8
1385,1,4,5,7,9,10,3,2,8,6
1386,1,4,3,5,2,7,10,6,9,8
1387,1,4,6,10,2,5,7,9,3,8
1388,1,4,2,5,3,7,10,9,6,8
1389,1,2,4,10,3,7,5,6,9,8
1390,4,1,6,7,3,5,2,8,10,9
1391,1,9,5,4,3,8,6,10,2,7
1392,8,1,4,9,2,6,10,3,7,5
1393,4,1,2,5,3,9,10,6,7,8
1394,1,2,4,5,7,3,10,6,9,8
1395,4,1,8,3,2,5,6,9,10,7
1396,1,4,3,7,5,2,9,6,10,8
1397,1,4,2,3,10,9,5,7,8,6
1398,1,2,4,10,7,6,5,3,9,8
1399,1,4,2,10,8,9,5,3,7,6
1400,1,4,3,5,2,7,10,6,9,8
1401,1,4,2,7,5,9,3,10,8,6
1402,1,4,5,9,6,10,3,2,7,8
1403,1,2,4,3,8,7,10,5,9,6
1404,4,8,1,9,10,2,3,5,6,7
1405,1,8,9,4,2,10,3,7,6,5
1406,1,4,2,7,5,3,6,10,8,9
1407,1,7,4,10,9,2,3,5,6,8
1408,1,10,9,4,8,2,7,6,3,5
1409,1,4,5,2,3,10,7,6,9,8
1410,4,1,5,3,9,2,7,10,6,8
1411,1,2,4,7,10,3,5,9,6,8
1412,1,2,4,7,5,10,3,6,9,8
1413,1,4,2,10,3,5,9,8,6,7
1414,8,1,4,9,3,2,10,5,7,6
1415,8,4,1,9,10,2,5,3,6,7
1416,8,4,9,5,1,2,6,3,10,7
1417,4,1,9,8,2,10,3,6,5,7
1418,1,7,4,2,3,5,10,6,9,8
1419,5,4,1,9,7,10,6,3,2,8
1420,1,4,2,7,5,10,9,3,8,6
1421,9,4,1,10,8,6,2,3,7,5
1422,1,4,5,2,3,9,7,10,6,8
1423,4,5,9,1,6,3,2,10,8,7
1424,8,4,9,1,2,3,5,10,6,7
1425,1,4,5,7,3,2,9,6,10,8
1426,8,6,3,5,10,1,9,4,2,7
1427,8,4,1,3,7,9,5,10,2,6
1428,1,4,2,7,10,9,5,3,6,8
1429,4,7,1,2,5,3,6,10,9,8
1430,1,7,4,6,3,2,5,10,9,8
1431,1,4,7,9,10,2,5,3,6,8
1432,1,2,4,10,9,8,3,6,5,7
1433,1,4,7,5,2,3,10,9,6,8
1434,1,4,3,2,5,7,10,9,6,8
1435,4,6,1,5,9,2,3,7,10,8
1436,1,7,2,3,5,4,9,10,6,8
1437,1,4,2,5,9,7,3,10,8,6
1438,1,4,3,7,5,9,2,6,10,8
1439,4,1,5,6,2,3,7,9,10,8
1440,1,4,2,5,7,6,3,10,8,9
1441,1,7,5,3,4,2,10,8,6,9
1442,1,4,7,5,2,6,10,9,3,8
1443,8,10,1,4,9,6,2,3,5,7
1444,4,1,8,10,9,3,2,5,6,7
1445,6,4,1,9,3,5,2,8,7,10
1446,8,1,9,4,10,5,7,6,3,2
1447,1,4,5,3,9,7,10,6,2,8
1448,1,6,4,7,5,2,3,10,9,8
1449,1,9,8,2,6,3,4,5,7,10
1450,1,4,2,6,9,3,10,5,8,7
1451,1,2,7,4,3,5,6,10,9,8
1452,1,4,2,3,7,5,6,8,10,9
1453,1,4,5,3,7,2,6,10,9,8
1454,1,4,2,5,10,3,7,9,6,8
1455,1,4,5,2,7,3,10,9,8,6
1456,1,4,5,3,2,7,6,10,9,8
1457,4,8,9,1,10,2,3,6,5,7
1458,1,9,4,2,10,8,5,3,7,6
1459,1,5,4,2,9,7,3,6,10,8
1460,1,4,2,3,5,7,6,10,9,8
1461,1,2,4,8,9,10,3,6,5,7
1462,1,10,2,7,4,5,6,3,9,8
1463,1,4,10,6,9,2,5,3,7,8
1464,1,4,5,3,2,9,6,10,8,7
1465,1,2,4,8,9,3,5,10,7,6
1466,9,8,4,1,10,2,5,3,6,7
1467,6,4,3,1,8,5,2,10,7,9
1468,1,4,2,5,3,7,6,10,8,9
1469,1,4,2,9,10,5,8,6,7,3
1470,1,4,2,6,3,7,10,5,8,9
1471,1,6,2,10,8,7,5,9,4,3
1472,1,4,7,5,2,3,10,6,9,8
1473,4,1,3,5,9,2,7,6,8,10
1474,1,4,8,5,2,7,3,6,9,10
1475,1,4,2,3,10,8,9,5,6,7
1476,1,4,2,7,10,5,3,6,9,8
1477,4,1,8,10,3,2,5,9,6,7
1478,1,4,5,6,3,2,7,9,10,8
1479,1,5,4,3,7,9,2,10,6,8
1480,1,4,2,5,3,7,6,10,9,8
1481,1,4,5,7,2,3,9,6,10,8
1482,4,1,2,5,3,7,10,6,9,8
1483,1,4,7,5,2,3,9,8,10,6
1484,1,4,2,5,7,3,6,9,10,8
1485,4,6,9,1,8,3,10,5,2,7
1486,1,4,2,9,3,5,10,8,7,6
1487,1,4,3,7,5,6,2,10,9,8
1488,4,1,6,5,10,2,3,7,8,9
1489,4,1,8,9,5,3,10,2,6,7
1490,1,4,2,5,3,10,7,6,8,9
1491,1,4,2,7,10,5,3,9,6,8
1492,1,2,4,7,5,6,3,10,9,8
1493,4,1,5,9,6,8,2,3,10,7
1494,1,4,9,5,3,7,6,10,8,2
1495,4,1,2,10,3,7,6,9,5,8
1496,1,2,4,3,10,7,9,5,8,6
1497,1,4,2,7,5,3,10,9,6,8
1498,4,5,1,9,3,10,8,6,2,7
1499,4,1,5,3,10,6,2,7,8,9
1500,1,4,5,2,3,7,9,10,6,8
1501,1,2,9,4,10,7,8,3,6,5
1502,1,6,2,4,5,8,7,3,9,10
1503,4,1,9,3,8,5,2,10,6,7
1504,1,4,2,5,7,10,3,9,6,8
1505,1,4,2,5,7,3,6,9,10,8
1506,1,4,2,8,3,10,9,7,5,6
1507,1,4,2,9,3,8,10,5,6,7
1508,1,4,2,3,7,5,10,6,8,9
1509,4,1,3,7,5,9,10,2,6,8
1510,1,4,2,3,9,10,5,7,8,6
1511,8,10,3,1,4,2,5,9,6,7
1512,1,4,9,8,10,2,7,3,5,6
1513,1,4,2,5,6,7,3,9,10,8
1514,1,4,7,6,2,5,3,10,9,8
1515,1,4,2,5,10,7,3,9,6,8
1516,10,9,1,2,4,3,6,8,5,7
1517,1,4,2,10,8,9,3,5,7,6
1518,2,1,4,10,3,8,9,5,7,6
1519,1,4,7,5,2,3,6,10,8,9
1520,4,1,9,5,8,3,2,7,10,6
1521,4,2,8,1,9,3,5,10,6,7
1522,1,2,7,5,4,10,3,9,6,8
1523,4,8,1,9,2,10,3,6,5,7
1524,1,5,7,4,9,3,10,8,6,2
1525,1,4,5,3,6,7,10,9,2,8
1526,1,7,4,2,3,5,6,10,9,8
1527,1,5,4,2,3,7,10,6,9,8
1528,1,5,2,7,3,4,10,9,8,6
1529,1,4,7,2,5,3,10,9,8,6
1530,4,1,3,5,2,7,6,10,9,8
1531,4,1,2,10,5,3,9,7,8,6
1532,1,4,9,2,8,5,10,3,7,6
1533,4,1,6,7,10,5,3,2,9,8
1534,1,5,4,3,10,9,6,7,2,8
1535,1,2,9,4,8,10,7,6,3,5
1536,1,5,6,4,9,7,10,3,2,8
1537,8,9,4,1,3,2,10,5,6,7
1538,1,4,5,2,3,6,7,9,10,8
1539,1,4,2,3,5,7,6,10,9,8
1540,1,4,2,9,3,10,5,7,8,6
1541,1,4,7,2,5,6,3,10,8,9
1542,4,8,1,6,10,3,2,5,9,7
1543,1,4,8,2,9,10,5,3,7,6
1544,4,1,2,8,5,9,10,7,3,6
1545,8,4,1,9,10,3,2,5,6,7
1546,4,1,9,2,7,5,3,6,10,8
1547,4,1,2,7,8,5,3,9,10,6
1548,4,5,1,3,6,8,10,2,9,7
1549,4,1,2,3,10,5,7,8,6,9
1550,1,4,2,5,7,3,9,10,8,6
1551,1,4,2,3,9,8,10,5,7,6
1552,4,1,2,8,10,3,9,6,5,7
1553,8,1,5,4,9,10,3,2,6,7
1554,6,10,9,8,4,3,1,5,2,7
1555,1,4,5,10,7,2,3,9,6,8
1556,8,9,2,10,1,4,3,5,6,7
1557,8,1,4,9,2,10,3,5,6,7
1558,4,1,2,9,8,7,5,3,10,6
1559,1,7,4,5,2,3,9,10,6,8
1560,1,4,5,3,7,2,10,9,6,8
1561,4,1,2,7,5,3,6,10,9,8
1562,1,4,8,6,10,9,3,2,5,7
1563,4,1,2,10,6,5,9,7,3,8
1564,1,9,6,4,5,2,8,3,10,7
1565,1,2,4,10,8,3,9,7,5,6
1566,1,4,5,9,7,10,8,3,2,6
1567,4,1,8,2,10,3,9,5,7,6
1568,4,1,5,3,7,2,10,8,6,9
1569,1,5,4,7,10,9,6,3,2,8
1570,1,4,2,7,5,3,10,9,6,8
1571,4,1,9,5,3,6,2,10,7,8
1572,1,4,2,5,6,3,7,10,9,8
1573,4,1,2,5,3,7,10,6,9,8
1574,4,1,3,2,10,8,7,9,5,6
1575,8,4,1,2,9,3,10,5,6,7
1576,1,4,2,7,5,3,10,6,9,8
1577,8,5,1,4,9,10,3,6,2,7
1578,1,8,4,2,9,10,5,7,3,6
1579,1,4,2,3,7,10,9,8,5,6
1580,1,4,7,5,3,2,10,9,6,8
1581,1,4,9,3,2,10,5,8,7,6
1582,1,8,4,9,2,5,3,7,10,6
1583,1,2,9,4,7,3,5,8,10,6
1584,1,4,2,3,7,5,10,6,9,8
1585,1,4,7,3,5,9,2,6,10,8
1586,1,4,2,9,5,3,10,7,6,8
1587,1,2,9,4,7,5,3,8,10,6
1588,6,4,1,10,2,9,5,8,3,7
1589,4,1,5,2,6,3,7,10,9,8
1590,1,4,6,2,3,5,7,8,10,9
1591,4,1,5,3,2,7,6,10,9,8
1592,1,4,2,3,10,9,6,7,5,8
1593,8,4,9,1,5,2,10,3,7,6
1594,1,4,8,5,6,9,2,3,10,7
1595,1,4,3,2,9,8,5,7,10,6
1596,4,5,1,8,9,3,10,2,6,7
1597,5,3,4,9,6,8,1,2,10,7
1598,1,4,2,5,7,3,6,9,10,8
1599,4,5,1,8,9,3,2,10,6,7
1600,4,1,7,6,5,3,2,10,8,9
1601,4,1,7,5,10,2,9,3,8,6
1602,4,1,2,8,3,10,5,9,7,6
1603,1,3,4,2,7,10,5,9,6,8
1604,1,4,2,5,3,10,7,6,9,8
1605,8,10,3,6,1,4,7,2,9,5
1606,8,6,3,5,4,9,1,2,7,10
1607,4,1,8,10,5,3,2,9,6,7
1608,1,4,5,2,9,10,8,7,3,6
1609,1,4,7,3,2,5,10,6,9,8
1610,1,4,5,3,7,2,9,10,8,6
1611,1,4,2,3,10,5,9,7,8,6
1612,2,1,9,6,10,4,8,3,5,7
1613,1,4,5,2,10,9,3,6,7,8
1614,1,4,2,10,3,5,9,8,7,6
1615,4,1,8,9,5,3,10,2,6,7
1616,1,9,4,2,3,10,7,5,8,6
1617,4,6,1,5,9,8,3,10,2,7
1618,10,1,2,9,7,6,5,4,8,3
1619,1,8,10,4,9,6,3,2,7,5
1620,1,8,9,4,10,2,3,5,6,7
1621,1,4,2,5,7,3,10,6,8,9
1622,1,5,9,2,7,4,10,3,6,8
1623,1,4,2,9,5,10,7,3,6,8
1624,1,5,4,3,2,7,10,6,9,8
1625,8,1,4,10,6,9,7,5,3,2
1626,8,4,9,1,10,2,3,5,6,7
1627,1,10,8,4,6,5,9,3,2,7
1628,1,4,5,2,7,3,6,9,10,8
1629,1,4,5,3,2,7,8,9,10,6
1630,1,4,5,6,3,2,7,9,10,8
1631,4,1,5,3,9,2,8,6,10,7
1632,1,2,5,9,4,3,8,10,6,7
1633,1,4,9,2,3,8,5,10,7,6
1634,1,4,2,9,8,10,3,5,7,6
1635,4,8,1,9,6,2,5,3,10,7
1636,1,4,2,8,3,10,9,6,5,7
1637,1,4,2,5,7,3,10,9,6,8
1638,1,4,8,6,10,5,9,2,3,7
1639,8,1,4,9,6,3,10,2,7,5
1640,4,1,10,8,3,2,9,5,6,7
1641,1,4,5,2,7,3,10,6,9,8
1642,1,4,7,5,3,2,9,6,10,8
1643,1,2,4,5,7,10,9,8,3,6
1644,1,4,8,2,9,3,6,10,7,5
1645,1,4,2,5,3,7,10,8,6,9
1646,1,7,4,3,5,2,6,10,9,8
1647,1,4,5,9,2,10,3,8,7,6
1648,4,1,2,10,8,9,5,3,6,7
1649,1,4,7,5,3,2,6,10,9,8
1650,1,5,7,3,4,2,10,8,6,9
1651,1,4,2,5,6,3,10,9,8,7
1652,1,4,7,2,3,5,10,9,6,8
1653,4,9,8,1,2,3,10,6,5,7
1654,6,1,7,4,5,3,9,2,10,8
1655,4,1,2,3,8,10,6,7,5,9
1656,4,1,8,9,6,10,2,5,3,7
1657,1,4,5,7,6,2,8,10,3,9
1658,1,4,2,6,3,10,9,8,5,7
1659,1,2,4,3,10,8,5,9,7,6
1660,1,4,2,5,8,3,7,10,6,9
1661,1,4,2,9,10,3,5,8,6,7
1662,1,4,5,9,2,3,8,10,6,7
1663,1,2,3,4,7,6,5,10,9,8
1664,1,4,2,3,8,10,6,5,9,7
1665,4,1,8,2,10,6,3,9,5,7
1666,1,10,3,5,4,2,7,9,6,8
1667,1,4,2,5,7,3,10,8,6,9
1668,1,4,2,3,9,10,7,8,5,6
1669,1,4,7,2,5,10,6,3,9,8
1670,1,2,4,3,7,10,9,8,6,5
1671,1,2,8,4,10,9,7,6,3,5
1672,9,1,4,8,10,5,6,2,7,3
1673,1,4,2,3,7,5,10,6,8,9
1674,1,4,5,3,2,7,10,6,9,8
1675,4,8,1,9,3,10,2,6,5,7
1676,4,1,2,6,5,9,3,8,10,7
1677,8,4,1,3,2,9,6,5,10,7
1678,1,4,5,3,9,6,2,10,7,8
1679,1,4,2,10,9,8,3,7,5,6
1680,1,4,2,5,10,7,9,6,3,8
1681,1,4,5,2,3,7,10,9,6,8
1682,1,4,2,3,6,10,7,5,9,8
1683,1,2,5,4,7,3,9,6,10,8
1684,1,7,2,5,3,4,10,9,6,8
1685,1,2,4,7,3,5,10,6,9,8
1686,1,2,4,7,10,3,9,8,5,6
1687,1,4,5,3,9,2,7,6,10,8
1688,1,2,4,3,7,5,10,9,6,8
1689,1,2,4,7,3,5,6,10,9,8
1690,1,4,6,5,10,3,2,7,9,8
1691,1,4,5,2,7,3,6,10,9,8
1692,1,2,4,3,8,6,7,10,5,9
1693,1,4,3,2,5,7,10,9,6,8
1694,1,4,5,3,2,9,7,10,6,8
1695,4,1,2,8,9,10,3,7,6,5
1696,1,5,4,7,3,2,6,10,9,8
1697,4,1,2,3,5,10,9,6,7,8
1698,8,4,1,9,3,2,10,5,6,7
1699,1,2,3,5,7,4,6,10,8,9
1700,4,1,5,3,9,7,2,10,6,8
1701,4,1,8,9,2,10,3,5,6,7
1702,4,1,8,9,2,3,10,6,5,7
1703,1,6,2,4,3,8,9,10,5,7
1704,1,4,2,3,10,7,5,8,6,9
1705,1,4,2,5,10,3,9,6,7,8
1706,1,4,2,5,3,7,6,9,10,8
1707,1,4,2,3,5,9,7,10,6,8
1708,1,4,2,10,3,8,9,5,7,6
1709,4,7,5,1,2,3,9,6,10,8
1710,4,1,2,5,3,7,10,6,9,8
1711,8,4,9,1,2,5,6,3,10,7
1712,1,4,9,10,5,8,2,3,6,7
1713,1,4,3,6,5,2,7,10,9,8
1714,1,6,10,9,2,5,4,3,7,8
1715,1,4,2,5,3,7,10,9,6,8
1716,4,8,1,3,10,9,5,2,6,7
1717,1,2,4,10,5,3,7,6,9,8
1718,1,4,2,3,10,9,5,8,7,6
1719,1,2,4,5,10,3,9,8,6,7
1720,2,4,1,3,10,9,5,8,7,6
1721,1,4,7,10,2,5,3,9,6,8
1722,1,4,5,3,2,7,9,10,8,6
1723,1,4,5,2,3,6,7,9,10,8
1724,1,8,4,9,10,2,3,5,6,7
1725,4,10,1,8,5,3,7,6,2,9
1726,1,8,4,9,10,2,3,5,6,7
1727,1,5,7,4,6,3,2,9,10,8
1728,4,3,9,1,8,2,10,5,6,7
1729,2,1,4,9,8,7,10,5,6,3
1730,1,4,2,5,10,8,9,3,6,7
1731,1,5,4,6,10,9,8,3,7,2
1732,1,4,3,6,5,7,2,9,10,8
1733,1,2,7,10,4,3,5,6,9,8
1734,1,4,9,8,6,3,2,10,7,5
1735,1,4,5,2,3,9,10,7,6,8
1736,1,7,5,4,2,9,3,10,8,6
1737,1,2,4,3,10,7,9,5,6,8
1738,1,4,5,10,7,2,9,3,6,8
1739,1,4,2,10,3,9,8,6,7,5
1740,1,4,2,5,7,6,3,9,10,8
1741,1,9,4,2,8,5,3,10,7,6
1742,4,1,10,9,8,2,6,5,3,7
1743,1,4,8,9,3,5,10,7,2,6
1744,1,2,7,4,3,5,10,9,6,8
1745,8,4,1,10,2,9,3,5,6,7
1746,8,1,9,10,4,6,2,3,7,5
1747,2,1,4,5,3,10,7,6,9,8
1748,4,1,8,9,10,3,2,5,6,7
1749,2,1,4,10,3,9,7,5,8,6
1750,1,9,4,3,2,5,7,6,10,8
1751,1,5,2,4,7,9,3,8,10,6
1752,4,1,8,2,9,5,3,10,6,7
1753,1,4,5,9,2,10,7,3,6,8
1754,4,1,2,3,9,10,7,5,8,6
1755,6,10,8,9,1,4,3,5,7,2
1756,1,4,5,7,2,10,6,3,9,8
1757,1,2,4,8,9,3,10,7,5,6
1758,1,4,8,9,10,6,3,7,5,2
1759,1,4,5,7,9,2,10,6,3,8
1760,8,9,10,1,4,6,2,3,5,7
1761,1,4,2,7,5,6,3,10,9,8
1762,1,7,5,2,10,4,3,6,9,8
1763,1,4,5,2,7,3,10,6,9,8
1764,1,10,4,5,6,7,2,3,9,8
1765,8,4,10,1,2,9,3,6,5,7
1766,4,1,2,8,10,9,3,5,7,6
1767,4,1,2,5,9,3,10,6,8,7
1768,4,5,10,6,1,3,2,9,8,7
1769,9,4,1,8,2,3,10,5,7,6
1770,1,4,5,3,2,9,6,7,10,8
1771,8,4,1,10,2,9,5,3,7,6
1772,5,1,4,6,10,3,7,2,9,8
1773,4,1,8,2,9,10,3,7,6,5
1774,8,9,4,2,6,1,10,5,3,7
1775,1,7,10,4,2,3,5,6,9,8
1776,2,1,4,3,8,9,10,5,6,7
1777,1,4,7,5,2,3,6,10,8,9
1778,1,10,2,5,4,3,9,8,6,7
1779,1,2,4,3,7,5,9,10,6,8
1780,1,4,2,7,5,3,6,10,9,8
1781,8,3,1,4,5,9,6,2,10,7
1782,1,6,5,4,3,7,9,10,2,8
1783,4,1,5,3,7,9,2,10,6,8
1784,1,9,5,2,10,4,7,6,3,8
1785,8,9,1,4,5,6,3,2,10,7
1786,6,8,1,4,5,3,9,10,2,7
1787,8,4,1,2,9,3,5,10,7,6
1788,1,4,2,3,5,7,10,8,9,6
1789,8,9,1,10,2,4,6,3,5,7
1790,1,4,5,2,7,3,9,10,6,8
1791,1,6,2,7,3,5,4,9,10,8
1792,1,4,8,3,9,5,10,6,7,2
1793,1,4,2,9,10,8,6,3,5,7
1794,4,1,2,7,5,3,10,9,6,8
1795,1,4,2,9,8,10,3,5,7,6
1796,1,2,4,5,10,3,8,9,6,7
1797,1,2,4,10,3,9,5,6,8,7
1798,1,4,7,2,5,3,10,6,9,8
1799,1,7,2,5,3,4,6,10,9,8
1800,1,4,2,3,7,10,9,8,5,6
1801,1,6,5,4,2,3,7,10,9,8
1802,1,4,2,7,5,3,6,10,9,8
1803,1,4,5,3,2,7,9,6,8,10
1804,1,2,9,8,10,4,6,5,7,3
1805,1,4,2,7,3,5,10,6,9,8
1806,1,4,2,5,8,3,7,10,9,6
1807,8,4,1,9,5,3,2,10,6,7
1808,1,4,5,2,7,8,3,9,10,6
1809,4,1,5,8,3,7,6,10,9,2
1810,1,4,5,3,2,7,6,9,10,8
1811,1,4,5,2,3,7,10,9,6,8
1812,1,4,2,9,5,3,10,6,8,7
1813,1,4,7,3,2,6,10,5,9,8
1814,4,8,1,6,5,9,3,2,10,7
1815,4,1,9,8,3,5,2,6,10,7
1816,8,4,9,5,1,10,6,2,3,7
1817,1,2,3,4,5,7,10,6,9,8
1818,4,1,8,6,5,7,9,2,10,3
1819,4,1,7,5,10,6,2,3,9,8
1820,4,1,5,2,7,6,3,8,10,9
1821,8,4,1,2,3,9,10,5,6,7
1822,1,4,2,9,3,7,10,5,8,6
1823,1,4,2,3,5,9,10,7,6,8
1824,1,4,2,9,8,5,3,6,10,7
1825,1,9,2,4,5,10,7,3,6,8
1826,1,4,7,5,2,3,10,9,6,8
1827,4,1,2,3,5,7,10,9,6,8
1828,1,4,2,3,10,9,8,7,5,6
1829,1,4,2,5,7,6,3,9,10,8
1830,4,1,5,9,3,8,10,2,6,7
1831,4,1,2,5,3,6,8,9,7,10
1832,1,4,2,7,5,10,3,6,9,8
1833,1,9,4,2,8,3,5,10,6,7
1834,1,10,4,2,5,3,7,9,6,8
1835,1,2,10,4,7,3,9,8,5,6
1836,4,1,5,3,8,2,9,6,10,7
1837,8,1,4,2,9,5,10,3,6,7
1838,4,9,1,8,6,3,2,10,5,7
1839,1,4,2,5,7,3,10,9,6,8
1840,9,1,5,7,8,4,2,3,6,10
1841,1,4,5,2,7,10,9,3,6,8
1842,4,1,8,7,9,5,2,10,6,3
1843,4,8,9,1,10,2,3,6,5,7
1844,1,2,4,10,5,3,9,8,6,7
1845,2,1,4,5,10,9,3,6,7,8
1846,1,4,2,8,9,3,10,6,5,7
1847,4,1,9,5,8,6,3,10,2,7
1848,2,6,1,10,9,5,3,4,7,8
1849,2,1,4,10,8,3,6,9,5,7
1850,4,1,2,10,5,9,8,6,3,7
1851,1,4,7,5,2,10,9,3,6,8
1852,1,2,4,9,3,5,8,10,7,6
1853,9,1,4,2,8,10,5,3,6,7
1854,4,1,2,7,5,3,9,10,6,8
1855,4,1,3,5,2,7,9,6,10,8
1856,1,4,6,7,3,5,8,10,2,9
1857,4,8,1,5,2,3,9,10,6,7
1858,1,4,2,5,3,7,6,10,9,8
1859,1,4,5,3,7,2,6,9,10,8
1860,4,8,1,2,10,3,7,6,5,9
1861,1,4,2,5,7,3,9,6,10,8
1862,2,1,5,9,4,10,3,8,7,6
1863,4,1,8,9,2,10,5,6,3,7
1864,4,1,3,2,5,7,10,6,9,8
1865,2,1,4,9,5,8,3,6,10,7
1866,1,4,2,10,5,3,9,8,6,7
1867,4,8,1,3,9,10,2,5,7,6
1868,1,4,5,7,2,3,6,9,10,8
1869,1,4,2,3,5,7,6,8,9,10
1870,1,4,5,2,3,6,7,9,10,8
1871,4,1,5,7,6,9,3,10,2,8
1872,4,1,2,10,3,5,9,7,6,8
1873,1,2,4,3,10,9,5,7,6,8
1874,1,4,7,5,2,3,10,9,6,8
1875,8,1,9,4,2,3,10,7,5,6
1876,1,2,10,6,3,9,4,5,7,8
1877,8,4,9,1,10,2,3,7,5,6
1878,2,1,4,5,9,3,7,10,8,6
1879,4,1,2,3,5,7,10,6,8,9
1880,4,1,5,7,3,2,9,10,6,8
1881,1,2,10,4,3,7,9,5,6,8
1882,8,1,4,9,6,3,5,10,2,7
1883,1,4,2,9,10,3,6,5,7,8
1884,1,2,4,3,7,10,8,6,5,9
1885,1,4,2,5,3,10,6,7,9,8
1886,4,1,2,7,5,3,6,9,10,8
1887,1,4,8,6,5,2,3,9,10,7
1888,4,1,8,2,6,5,3,7,9,10
1889,1,4,9,10,8,6,3,2,5,7
1890,8,4,9,1,10,2,3,5,6,7
1891,5,4,1,9,10,8,6,2,3,7
1892,8,1,4,9,10,2,6,5,3,7
1893,2,1,4,9,10,8,3,7,5,6
1894,4,1,8,9,3,10,2,6,5,7
1895,1,4,5,2,7,3,10,6,9,8
1896,1,5,4,2,3,9,7,6,10,8
1897,1,9,2,8,7,5,10,4,3,6
1898,6,2,4,3,7,1,10,9,5,8
1899,1,3,6,5,7,4,2,10,9,8
1900,1,5,2,4,10,6,7,3,9,8
1901,1,2,4,5,7,3,10,9,6,8
1902,4,1,2,5,3,9,7,6,10,8
1903,1,4,2,7,5,3,9,10,6,8
1904,4,1,6,10,5,3,9,2,8,7
1905,1,4,2,5,7,9,10,3,6,8
1906,1,4,5,7,3,2,8,6,10,9
1907,1,7,4,6,2,10,3,5,8,9
1908,1,4,2,7,5,3,10,6,9,8
1909,1,8,9,6,10,4,5,2,3,7
1910,1,4,7,2,5,6,3,10,9,8
1911,4,1,6,10,9,8,2,3,7,5
1912,8,2,1,9,4,5,3,10,7,6
1913,8,4,1,9,2,10,5,3,6,7
1914,6,1,4,3,5,7,10,2,9,8
1915,4,1,8,2,3,6,9,10,5,7
1916,8,4,1,5,9,10,2,3,6,7
1917,1,9,4,2,10,5,8,6,3,7
1918,1,5,4,3,7,8,10,2,6,9
1919,1,5,4,7,3,2,9,10,6,8
1920,4,8,9,1,2,5,6,10,3,7
1921,4,1,8,9,2,3,10,7,6,5
1922,4,1,5,3,7,9,8,6,2,10
1923,1,4,2,3,10,7,9,8,5,6
1924,2,1,4,10,7,3,6,8,5,9
1925,4,1,3,2,5,7,6,10,9,8
1926,8,9,1,4,5,10,2,3,6,7
1927,4,1,2,3,10,9,6,5,8,7
1928,1,4,5,3,7,2,9,6,10,8
1929,1,4,5,6,3,2,10,9,8,7
1930,1,4,3,2,7,5,6,9,10,8
1931,4,2,5,9,1,10,8,7,3,6
1932,4,1,9,5,7,6,3,10,8,2
1933,4,6,1,9,5,3,7,10,2,8
1934,1,4,2,5,3,7,9,6,10,8
1935,4,1,3,2,5,10,9,6,8,7
1936,1,4,9,10,3,6,8,5,7,2
1937,1,5,4,7,10,2,3,9,8,6
1938,4,1,9,8,2,10,7,3,5,6
1939,1,4,8,2,10,9,5,7,3,6
1940,1,2,5,4,3,10,9,7,6,8
1941,4,1,2,5,7,3,6,10,8,9
1942,8,3,1,10,4,9,6,2,5,7
1943,8,1,4,2,6,10,9,5,3,7
1944,1,4,9,8,2,5,3,10,6,7
1945,8,9,4,1,3,10,5,2,6,7
1946,1,7,4,3,2,9,6,5,10,8
1947,4,1,8,3,5,9,10,6,7,2
1948,4,1,5,3,6,2,8,7,10,9
1949,1,4,2,5,10,7,3,6,9,8
1950,1,4,9,5,7,2,3,10,6,8
1951,1,4,2,3,10,8,9,5,7,6
1952,1,8,9,10,2,4,6,3,5,7
1953,1,4,5,9,3,6,7,2,10,8
1954,4,1,5,3,7,2,6,9,10,8
1955,4,8,1,9,2,5,3,10,6,7
1956,1,2,5,4,3,7,9,10,8,6
1957,1,4,7,3,2,6,5,9,10,8
1958,1,4,6,10,2,5,3,7,9,8
1959,4,1,2,9,3,7,10,5,8,6
1960,4,1,2,3,10,7,5,9,6,8
1961,1,5,4,9,7,6,3,10,2,8
1962,1,2,8,5,3,9,4,7,6,10
1963,8,1,9,4,6,10,3,7,2,5
1964,1,5,4,6,7,10,3,2,9,8
1965,4,1,5,3,8,10,7,6,9,2
1966,1,7,4,10,3,9,2,6,5,8
1967,4,1,2,8,9,3,10,5,6,7
1968,1,4,5,7,2,6,3,9,10,8
1969,1,4,7,5,2,3,10,6,9,8
1970,1,5,4,2,3,9,6,10,7,8
1971,4,1,2,9,8,3,5,10,6,7
1972,1,10,2,9,5,4,8,6,3,7
1973,4,1,9,6,5,10,3,2,8,7
1974,1,4,5,3,2,9,6,10,8,7
1975,1,4,2,3,9,7,10,5,6,8
1976,1,4,9,2,3,6,7,10,5,8
1977,1,4,5,2,3,10,6,7,9,8
1978,1,4,9,5,10,3,6,2,8,7
1979,6,5,1,2,10,3,8,4,9,7
1980,4,1,5,3,2,7,9,6,10,8
1981,4,1,3,2,5,7,9,6,10,8
1982,1,4,7,5,3,8,6,2,9,10
1983,8,4,1,9,10,3,7,2,6,5
1984,4,1,5,2,7,6,10,3,9,8
1985,4,1,5,2,7,6,3,10,9,8
1986,4,5,1,2,9,10,3,8,6,7
1987,8,4,1,10,9,3,2,6,5,7
1988,8,9,2,1,4,10,5,3,7,6
1989,1,4,5,3,2,7,10,9,8,6
1990,1,2,4,10,5,7,9,3,6,8
1991,1,2,8,4,10,5,6,9,7,3
1992,1,4,2,3,8,9,5,10,6,7
1993,1,2,4,3,10,5,9,7,6,8
1994,4,1,5,3,7,6,9,10,8,2
1995,1,5,4,10,9,3,6,7,2,8
1996,1,8,4,9,2,5,7,3,10,6
1997,1,8,9,2,4,10,5,3,6,7
1998,1,4,5,2,3,9,10,6,7,8
1999,1,4,8,2,3,9,10,5,6,7
2000,1,4,2,10,3,5,7,8,6,9
2001,1,2,8,10,9,3,5,4,6,7
2002,1,4,2,7,3,5,10,8,6,9
2003,8,4,9,1,3,2,5,6,10,7
2004,4,8,10,1,6,9,3,5,2,7
2005,4,8,10,1,3,5,2,7,6,9
2006,1,4,2,3,8,9,10,5,7,6
2007,4,1,9,8,6,10,2,5,3,7
2008,1,4,2,10,5,9,3,8,6,7
2009,1,2,4,5,3,7,9,10,6,8
2010,8,4,10,1,6,2,9,5,3,7
2011,4,1,7,5,6,2,9,3,10,8
2012,1,4,2,5,6,3,7,9,10,8
2013,8,9,4,1,2,3,10,5,6,7
2014,10,1,4,6,9,8,2,3,7,5
2015,1,4,9,2,5,3,10,6,8,7
2016,1,4,2,5,3,7,9,10,8,6
2017,1,4,2,7,5,3,10,6,9,8
2018,1,5,4,2,3,7,10,9,6,8
2019,1,7,4,2,3,5,6,10,8,9
2020,1,4,3,7,6,5,10,2,9,8
2021,4,1,2,10,7,5,3,8,9,6
2022,1,4,10,6,5,3,2,7,9,8
2023,1,2,10,6,7,3,5,4,9,8
2024,1,8,5,6,4,9,3,10,2,7
2025,8,4,9,10,1,3,6,2,5,7
2026,8,4,10,9,1,2,3,6,5,7
2027,1,4,5,9,2,3,6,10,7,8
2028,1,7,4,5,3,2,6,10,9,8
2029,1,4,5,3,2,7,9,10,8,6
2030,4,1,10,8,6,9,5,2,3,7
2031,1,4,5,6,2,3,9,10,7,8
2032,1,7,4,2,3,5,10,6,9,8
2033,1,4,2,3,5,10,9,8,7,6
2034,1,7,10,2,4,5,6,3,9,8
2035,5,4,1,2,6,9,8,3,7,10
2036,6,1,4,8,9,10,2,7,3,5
2037,8,4,2,9,1,10,5,3,7,6
2038,1,5,4,2,7,9,3,8,10,6
2039,1,4,2,5,7,3,6,10,9,8
2040,8,4,1,9,3,5,10,2,6,7
2041,9,1,2,10,8,6,4,7,3,5
2042,1,4,8,9,10,7,2,5,3,6
2043,1,4,2,3,5,10,7,9,6,8
2044,1,4,2,8,5,10,3,9,6,7
2045,1,4,5,3,9,2,10,7,8,6
2046,4,1,9,6,10,3,8,5,2,7
2047,6,1,4,5,3,9,10,2,8,7
2048,4,1,9,8,2,10,3,6,5,7
2049,1,2,4,3,5,7,10,9,6,8
2050,8,3,2,4,1,9,10,5,7,6
2051,4,8,1,9,10,3,2,5,6,7
2052,1,4,2,5,7,9,6,3,10,8
2053,1,4,2,3,6,7,10,5,9,8
2054,1,7,4,2,3,5,10,6,9,8
2055,1,5,4,2,7,6,3,10,9,8
2056,1,4,2,5,7,8,3,9,10,6
2057,4,1,5,6,3,2,7,10,9,8
2058,1,4,2,7,5,3,10,9,6,8
2059,1,4,2,9,5,3,7,6,10,8
2060,1,4,5,3,6,2,10,7,9,8
2061,8,4,9,1,10,5,6,2,3,7
2062,1,4,2,10,9,8,3,7,5,6
2063,2,1,4,8,3,10,5,9,7,6
2064,1,4,3,2,6,5,7,9,10,8
2065,4,1,2,3,9,5,8,10,7,6
2066,1,4,2,6,10,3,5,7,8,9
2067,4,5,1,6,2,9,3,10,7,8
2068,6,10,1,4,9,8,2,3,7,5
2069,1,4,2,3,5,10,9,7,6,8
2070,4,1,5,2,7,3,10,9,6,8
2071,4,1,9,8,2,10,3,6,7,5
2072,1,8,4,9,5,2,3,10,7,6
2073,1,4,2,5,3,7,10,6,8,9
2074,4,1,2,3,5,6,10,7,9,8
2075,1,2,4,5,10,9,3,6,8,7
2076,1,4,2,7,5,3,10,9,6,8
2077,10,8,1,4,9,5,6,3,7,2
2078,4,1,6,7,5,3,8,2,9,10
2079,1,4,2,3,7,5,10,9,6,8
2080,8,4,1,3,2,9,10,5,6,7
2081,1,4,3,2,7,5,10,6,9,8
2082,1,4,7,5,3,2,10,9,6,8
2083,1,4,7,3,5,6,2,10,9,8
2084,1,4,5,3,9,6,2,7,10,8
2085,8,4,1,9,10,2,5,6,3,7
2086,1,6,10,2,7,5,4,3,9,8
2087,1,4,7,5,3,2,6,9,10,8
2088,1,4,5,7,9,6,2,3,8,10
2089,1,3,5,4,2,9,6,7,10,8
2090,4,1,2,3,10,7,5,9,6,8
2091,1,4,6,5,7,3,10,9,8,2
2092,1,4,5,9,3,8,7,10,2,6
2093,4,1,10,8,2,3,9,6,5,7
2094,1,4,2,7,5,3,9,6,10,8
2095,1,9,4,8,3,2,5,6,7,10
2096,8,1,4,10,5,9,3,6,2,7
2097,1,4,5,6,9,10,3,8,7,2
2098,4,9,8,1,2,10,3,5,6,7
2099,1,4,3,5,9,8,6,10,2,7
2100,8,4,9,10,5,6,3,1,2,7
2101,1,4,2,5,7,3,6,10,9,8
2102,4,1,2,3,10,5,9,6,7,8
2103,8,4,1,9,3,10,2,5,7,6
2104,4,1,5,10,2,9,3,8,6,7
2105,4,2,1,8,10,5,3,9,6,7
2106,4,1,8,3,2,5,9,10,7,6
2107,1,4,2,5,3,7,9,6,10,8
2108,4,6,8,9,1,3,5,10,2,7
2109,4,9,1,8,3,10,6,5,2,7
2110,1,4,2,7,9,5,3,6,10,8
2111,8,4,1,10,9,2,3,6,5,7
2112,1,4,9,2,10,8,5,3,7,6
2113,1,5,4,10,3,8,9,6,7,2
2114,1,2,4,3,5,7,10,9,6,8
2115,4,8,10,1,2,3,5,9,6,7
2116,4,5,1,8,9,3,2,10,6,7
2117,1,5,2,4,3,7,9,6,10,8
2118,1,4,3,2,5,10,9,6,8,7
2119,1,4,2,3,7,5,10,6,9,8
2120,9,8,2,1,10,6,4,5,3,7
2121,1,4,2,3,8,9,10,5,7,6
2122,1,4,2,5,3,6,9,7,8,10
2123,4,1,5,2,3,7,6,9,10,8
2124,4,1,5,3,2,6,7,9,10,8
2125,4,8,1,3,9,10,2,5,6,7
2126,1,4,5,2,7,9,6,3,10,8
2127,1,4,5,3,7,6,2,9,10,8
2128,1,4,2,5,3,7,10,9,6,8
2129,8,1,4,10,3,2,9,5,6,7
2130,1,4,7,2,10,5,3,9,8,6
2131,1,2,4,7,5,10,9,3,6,8
2132,1,2,4,5,10,3,6,7,9,8
2133,1,4,3,7,2,10,6,5,9,8
2134,4,1,5,2,9,3,6,7,10,8
2135,1,5,2,7,4,9,3,6,10,8
2136,4,1,8,9,5,3,10,2,7,6
2137,9,8,1,4,2,10,6,3,5,7
2138,1,4,7,5,3,2,6,10,9,8
2139,9,1,8,4,10,6,5,3,2,7
2140,1,2,4,3,10,5,8,9,6,7
2141,1,4,2,3,5,7,9,10,6,8
2142,1,2,4,5,3,7,10,9,6,8
2143,4,2,1,9,8,10,3,6,5,7
2144,6,4,1,10,5,3,8,7,9,2
2145,1,9,4,8,3,2,5,10,7,6
2146,1,4,5,2,6,10,3,7,9,8
2147,1,4,8,3,9,5,6,2,7,10
2148,1,2,3,4,10,9,8,5,6,7
2149,1,4,2,5,7,3,9,6,10,8
2150,1,4,5,2,10,3,7,9,8,6
2151,6,10,1,4,9,3,8,7,2,5
2152,1,4,2,3,5,8,10,9,7,6
2153,1,4,5,2,3,6,7,10,9,8
2154,1,4,2,5,3,7,6,9,10,8
2155,4,6,1,3,8,9,5,7,2,10
2156,1,8,4,2,9,5,3,6,10,7
2157,1,4,2,3,7,5,10,6,9,8
2158,1,4,2,3,9,5,8,10,6,7
2159,6,1,10,4,3,2,5,9,7,8
2160,8,10,4,1,2,6,9,3,7,5
2161,4,1,3,7,6,10,9,5,2,8
2162,1,4,5,7,3,2,6,9,8,10
2163,1,2,4,7,5,9,3,10,6,8
2164,1,4,9,8,2,3,10,5,7,6
2165,1,4,8,10,9,2,3,5,6,7
2166,1,4,2,3,5,10,9,6,7,8
2167,1,4,8,9,10,5,7,3,2,6
2168,4,1,2,8,10,9,7,3,5,6
2169,1,4,5,3,9,7,2,10,6,8
2170,4,8,1,2,9,3,10,6,7,5
2171,1,4,8,9,2,5,10,3,7,6
2172,1,4,2,5,7,3,10,6,9,8
2173,1,4,2,5,3,7,10,9,6,8
2174,1,4,5,7,3,2,6,9,10,8
2175,1,4,8,2,9,10,5,7,3,6
2176,1,4,2,8,9,7,3,5,10,6
2177,1,4,9,2,8,3,10,5,7,6
2178,1,2,6,4,10,3,9,8,5,7
2179,1,7,2,10,3,4,5,9,6,8
2180,1,4,8,2,9,10,3,5,6,7
2181,8,4,1,9,5,10,2,3,6,7
2182,8,4,9,1,2,5,10,6,3,7
2183,1,4,2,10,3,7,8,9,5,6
2184,1,8,4,9,2,10,3,6,5,7
2185,1,4,2,7,5,6,10,3,9,8
2186,1,4,5,2,3,7,6,9,10,8
2187,1,4,2,5,3,7,9,10,6,8
2188,1,4,5,7,3,8,6,9,2,10
2189,1,4,5,3,2,7,9,6,10,8
2190,1,4,7,3,2,5,10,9,6,8
2191,1,4,2,7,5,10,3,6,9,8
2192,4,1,5,2,3,6,7,8,10,9
2193,4,6,1,3,10,9,5,8,2,7
2194,2,1,4,3,10,9,5,8,6,7
2195,1,4,2,7,9,3,10,5,6,8
2196,1,4,5,2,7,3,6,9,10,8
2197,4,1,5,3,7,2,6,10,8,9
2198,1,5,2,4,7,10,3,9,6,8
2199,1,2,4,5,3,9,10,7,6,8
2200,4,1,9,5,6,10,3,7,8,2
2201,6,4,1,10,5,3,9,2,8,7
2202,4,1,5,2,7,3,9,10,6,8
2203,4,1,5,10,8,2,9,3,6,7
2204,1,4,2,3,5,10,7,6,9,8
2205,1,6,4,5,3,7,2,8,10,9
2206,1,4,2,10,9,3,5,8,6,7
2207,1,4,3,2,5,7,9,10,6,8
2208,4,9,8,10,1,2,3,7,6,5
2209,4,1,5,6,3,8,10,9,7,2
2210,4,1,2,9,3,6,10,8,5,7
2211,1,4,3,5,10,7,6,9,8,2
2212,1,5,2,4,7,6,3,9,10,8
2213,1,2,4,3,7,5,10,6,9,8
2214,4,8,6,5,1,9,10,2,3,7
2215,8,4,1,3,9,10,2,5,6,7
2216,1,4,7,5,2,3,9,10,8,6
2217,1,4,5,3,7,10,6,2,9,8
2218,1,4,7,5,2,10,3,6,9,8
2219,4,6,1,10,7,2,9,3,8,5
2220,1,4,5,2,9,3,7,10,6,8
2221,1,4,2,5,7,3,6,9,10,8
2222,9,10,8,1,4,2,7,3,5,6
2223,5,1,2,6,4,10,9,3,7,8
2224,4,1,5,2,7,3,8,6,10,9
2225,1,7,2,4,5,3,10,9,6,8
2226,1,4,2,5,6,10,3,9,7,8
2227,1,4,2,3,10,7,9,5,8,6
2228,1,5,4,9,2,7,3,8,10,6
2229,1,5,9,4,8,7,6,10,3,2
2230,1,5,4,2,9,3,7,6,10,8
2231,1,4,7,3,2,5,9,10,6,8
2232,4,1,8,3,9,5,2,10,6,7
2233,1,4,3,5,6,2,7,9,10,8
2234,1,4,7,3,2,5,10,9,8,6
2235,1,4,10,6,2,7,5,3,8,9
2236,4,1,3,5,7,6,2,9,10,8
2237,1,4,5,3,2,9,7,8,10,6
2238,1,4,9,2,5,10,3,8,6,7
2239,4,1,2,3,5,7,6,9,8,10
2240,1,4,2,10,3,5,9,7,6,8
2241,4,1,5,2,3,9,7,6,10,8
2242,8,5,1,3,6,9,4,10,7,2
2243,1,4,6,5,7,10,2,8,3,9
2244,4,1,8,6,9,3,2,5,10,7
2245,1,4,5,3,9,10,2,6,7,8
2246,2,1,9,5,4,10,8,6,3,7
2247,1,4,7,2,10,3,6,5,9,8
2248,1,2,4,8,10,5,3,6,9,7
2249,1,2,3,4,5,9,7,8,10,6
2250,8,4,9,1,2,6,10,3,5,7
2251,8,9,4,1,3,6,5,2,10,7
2252,4,8,9,1,7,3,10,2,6,5
2253,4,1,2,3,5,10,9,7,8,6
2254,9,2,4,1,8,3,10,5,7,6
2255,1,4,9,6,2,8,10,3,7,5
2256,4,1,2,8,9,10,3,6,5,7
2257,1,2,4,9,8,10,6,3,5,7
2258,1,4,2,7,5,3,6,10,9,8
2259,2,1,4,3,5,10,9,6,8,7
2260,1,9,4,10,2,8,6,3,5,7
2261,1,2,4,3,10,9,8,7,6,5
2262,4,1,8,5,10,3,2,9,6,7
2263,4,1,9,5,3,2,10,7,6,8
2264,4,1,2,5,10,7,3,6,9,8
2265,4,1,2,8,3,9,5,6,10,7
2266,4,9,1,5,8,7,6,3,10,2
2267,1,2,4,9,8,5,3,10,6,7
2268,1,4,3,5,2,7,6,10,8,9
2269,4,1,5,6,2,3,10,7,8,9
2270,1,4,5,6,3,2,9,7,10,8
2271,1,2,4,3,10,9,7,8,5,6
2272,1,2,4,7,3,10,5,9,6,8
2273,4,1,5,3,9,10,7,6,2,8
2274,4,1,8,2,10,9,5,3,6,7
2275,9,4,1,6,2,10,3,5,8,7
2276,1,4,2,3,7,5,6,10,9,8
2277,1,2,9,4,3,10,5,8,6,7
2278,1,2,4,9,3,10,5,8,7,6
2279,1,2,4,10,9,5,3,8,7,6
2280,1,4,10,2,3,7,6,5,9,8
2281,4,8,1,2,9,10,3,5,6,7
2282,8,9,4,1,10,2,5,3,7,6
2283,4,1,3,5,2,9,7,10,6,8
2284,1,4,2,3,10,5,8,9,6,7
2285,2,1,10,9,4,8,3,7,5,6
2286,4,1,2,10,6,7,8,3,5,9
2287,4,8,1,2,9,10,3,5,6,7
2288,4,1,2,10,8,3,5,9,6,7
2289,4,9,8,1,10,5,2,3,6,7
2290,1,4,3,2,5,10,9,7,6,8
2291,4,1,5,3,2,7,6,8,10,9
2292,1,5,4,2,3,6,7,9,10,8
2293,4,1,8,9,5,3,7,10,2,6
2294,1,4,2,8,3,10,9,5,6,7
2295,1,4,10,7,2,9,3,5,6,8
2296,1,4,2,3,10,7,8,6,5,9
2297,4,1,8,9,10,2,3,5,6,7
2298,4,1,2,3,7,10,5,9,6,8
2299,1,4,3,2,6,10,7,5,9,8
2300,4,1,2,3,10,5,9,7,8,6
2301,4,6,5,1,3,10,2,9,7,8
2302,8,9,4,1,10,5,2,6,3,7
2303,1,4,5,3,2,9,8,10,7,6
2304,1,2,4,10,3,8,7,5,9,6
2305,8,1,4,9,2,10,5,3,6,7
2306,1,4,2,7,5,9,3,10,6,8
2307,1,4,9,5,3,6,7,10,2,8
2308,4,1,5,7,3,2,8,6,10,9
2309,1,4,2,3,8,9,5,10,6,7
2310,1,3,7,4,5,2,9,6,10,8
2311,4,1,6,3,5,8,7,9,2,10
2312,1,2,10,4,3,7,5,8,9,6
2313,1,4,3,2,10,7,5,9,8,6
2314,4,1,2,5,3,7,6,10,9,8
2315,8,9,6,1,4,3,10,2,5,7
2316,4,8,9,1,10,3,5,2,7,6
2317,1,4,7,2,5,3,6,10,9,8
2318,1,4,2,7,5,3,6,10,9,8
2319,1,5,4,2,9,3,6,10,7,8
2320,1,4,5,7,9,2,6,3,10,8
2321,1,8,4,7,5,2,3,9,10,6
2322,4,1,5,3,2,9,10,6,8,7
2323,4,1,2,6,3,7,10,8,5,9
2324,1,4,2,5,3,6,7,10,9,8
2325,1,4,2,3,5,7,10,6,9,8
2326,1,2,4,7,9,5,3,10,6,8
2327,4,1,5,8,6,3,9,10,2,7
2328,1,2,4,10,3,7,8,6,9,5
2329,1,4,5,2,9,6,10,3,7,8
2330,2,1,4,9,10,8,6,7,3,5
2331,4,1,8,9,2,6,5,10,3,7
2332,1,4,2,10,3,6,9,5,7,8
2333,1,4,2,9,8,5,10,3,6,7
2334,1,4,5,9,3,10,6,7,2,8
2335,1,2,4,7,3,5,6,9,10,8
2336,4,1,5,2,3,7,6,10,9,8
2337,1,4,2,5,3,10,7,9,6,8
2338,1,4,9,8,6,10,2,3,5,7
2339,1,4,2,7,5,3,10,9,6,8
2340,3,8,5,4,9,1,6,10,2,7
2341,1,2,4,9,8,5,10,3,6,7
2342,4,1,9,8,3,6,2,7,10,5
2343,1,2,4,9,3,8,5,10,7,6
2344,8,10,9,7,2,4,5,1,6,3
2345,1,7,4,3,9,2,5,10,6,8
2346,1,4,8,9,2,10,3,5,6,7
2347,8,4,1,9,5,2,10,6,3,7
2348,1,4,5,6,2,3,7,9,10,8
2349,2,1,4,3,5,9,8,10,7,6
2350,1,4,2,5,3,10,7,6,9,8
2351,4,1,8,9,10,3,2,5,6,7
2352,4,5,1,10,3,9,8,6,2,7
2353,8,1,4,3,6,10,9,2,5,7
2354,6,5,4,9,1,10,3,2,7,8
2355,1,4,2,3,9,7,8,5,10,6
2356,1,4,5,7,2,3,10,8,6,9
2357,1,3,7,2,5,4,9,10,6,8
2358,4,1,2,3,10,5,9,8,6,7
2359,4,1,8,10,2,9,3,5,7,6
2360,4,10,5,1,2,6,3,9,8,7
2361,1,10,8,9,2,4,6,7,3,5
2362,8,1,9,4,10,3,6,2,5,7
2363,9,4,1,2,3,7,5,10,6,8
2364,8,9,1,5,3,6,4,10,2,7
2365,1,4,10,2,5,3,7,9,6,8
2366,4,1,2,8,10,3,9,5,6,7
2367,1,4,7,2,3,5,6,10,9,8
2368,1,5,4,9,7,2,10,8,3,6
2369,1,4,2,3,5,7,6,10,9,8
2370,4,1,7,6,10,5,2,9,3,8
2371,4,1,2,10,3,8,9,6,5,7
2372,1,4,2,10,5,7,6,3,9,8
2373,1,9,5,4,2,7,10,8,3,6
2374,1,2,8,10,9,4,3,6,5,7
2375,8,1,4,5,6,2,3,9,10,7
2376,1,4,2,8,3,10,9,5,7,6
2377,1,4,3,2,5,10,9,7,6,8
2378,1,4,2,8,5,3,9,10,7,6
2379,1,4,2,3,7,9,5,10,8,6
2380,1,4,8,9,5,10,7,2,3,6
2381,1,2,5,4,7,3,10,6,9,8
2382,1,4,2,5,9,3,8,6,10,7
2383,1,4,2,3,5,10,9,7,6,8
2384,1,4,2,7,3,5,6,10,9,8
2385,1,4,9,2,10,3,8,7,5,6
2386,6,8,4,1,2,10,9,3,5,7
2387,4,1,5,6,2,3,9,10,8,7
2388,1,2,9,4,5,8,10,3,7,6
2389,1,4,5,2,3,6,9,7,10,8
2390,1,4,2,3,9,10,8,5,6,7
2391,1,4,2,5,3,9,7,10,6,8
2392,1,2,4,9,10,3,5,6,7,8
2393,8,1,9,4,10,2,3,5,6,7
2394,1,4,2,3,5,9,10,7,6,8
2395,1,10,4,2,7,3,5,9,6,8
2396,1,4,5,7,10,2,3,9,8,6
2397,1,2,4,3,10,9,7,5,8,6
2398,8,9,1,4,5,3,2,10,6,7
2399,1,4,5,2,10,9,6,3,7,8
2400,1,2,4,3,8,10,5,9,7,6
2401,1,2,4,8,3,10,9,5,7,6
2402,1,6,4,10,5,3,2,7,9,8
2403,1,8,4,9,10,2,5,3,6,7
2404,10,1,8,9,4,2,6,3,5,7
2405,1,2,4,9,10,8,5,3,7,6
2406,1,5,4,6,7,3,10,9,2,8
2407,1,5,2,4,6,10,8,3,7,9
2408,2,1,4,3,9,10,5,7,6,8
2409,4,5,2,1,3,9,6,10,7,8
2410,1,6,5,7,2,9,4,10,3,8
2411,1,4,2,3,5,7,10,6,9,8
2412,8,1,4,9,2,6,10,3,5,7
2413,1,2,4,8,9,10,5,3,6,7
2414,4,1,6,7,2,5,3,10,9,8
2415,9,1,8,5,4,2,6,10,3,7
2416,1,4,2,7,5,3,10,6,9,8
2417,1,4,5,6,10,3,7,2,9,8
2418,8,9,1,4,5,10,3,2,7,6
2419,6,1,8,4,5,9,3,10,7,2
2420,8,1,2,9,10,4,5,3,6,7
2421,4,1,2,10,3,9,5,8,7,6
2422,1,4,5,2,9,3,7,10,6,8
2423,8,9,4,1,2,10,3,5,6,7
2424,4,1,2,10,8,3,9,5,6,7
2425,1,8,3,10,9,2,4,5,6,7
2426,1,2,8,9,4,10,3,5,6,7
2427,2,8,4,1,9,3,6,10,5,7
2428,4,8,1,9,10,3,6,2,5,7
2429,1,4,2,7,5,9,3,6,8,10
2430,9,8,4,1,10,6,7,2,3,5
2431,8,6,4,1,7,9,3,10,5,2
2432,1,4,2,10,9,3,8,5,7,6
2433,1,4,5,3,2,9,7,10,6,8
2434,1,8,2,9,10,4,7,3,6,5
2435,1,2,10,3,4,9,7,6,5,8
2436,4,1,2,5,3,7,9,10,6,8
2437,4,10,9,8,1,3,5,6,2,7
2438,1,4,5,6,9,10,3,2,8,7
2439,1,4,2,5,3,7,6,9,10,8
2440,1,4,5,2,7,3,6,9,10,8
2441,1,4,2,5,3,7,10,6,9,8
2442,1,2,5,4,10,9,3,7,8,6
2443,1,4,5,2,10,7,9,3,6,8
2444,4,1,5,7,2,3,6,10,9,8
2445,8,4,9,1,10,2,5,3,6,7
2446,1,4,5,2,6,10,7,3,9,8
2447,4,1,2,3,9,6,10,5,8,7
2448,4,1,7,5,6,2,3,10,8,9
2449,4,1,5,7,3,10,2,8,9,6
2450,1,4,7,3,2,5,10,9,6,8
2451,1,4,2,3,5,9,7,10,8,6
2452,1,4,2,5,9,3,10,6,7,8
2453,8,9,5,1,4,6,3,7,2,10
2454,8,1,4,9,10,2,3,6,5,7
2455,9,4,1,8,10,6,3,2,5,7
2456,8,4,2,1,9,3,10,5,6,7
2457,1,4,5,2,3,7,10,6,9,8
2458,1,4,7,2,5,3,8,6,10,9
2459,1,4,2,3,5,6,10,7,9,8
2460,4,8,9,1,2,3,10,6,5,7
2461,1,5,3,4,2,7,10,9,6,8
2462,8,9,1,2,4,5,10,3,6,7
2463,1,4,2,3,7,5,9,6,10,8
2464,1,4,2,3,5,8,7,10,9,6
2465,1,4,2,3,5,7,10,9,6,8
2466,1,4,2,5,3,7,6,9,10,8
2467,1,4,5,7,3,2,9,10,6,8
2468,4,1,10,2,5,7,3,9,6,8
2469,4,1,9,2,10,6,3,8,7,5
2470,2,1,4,8,9,10,5,3,6,7
2471,1,4,3,2,5,7,6,10,9,8
2472,8,4,1,9,2,6,10,3,5,7
2473,1,4,5,2,3,9,7,10,6,8
2474,1,4,3,7,5,2,10,9,8,6
2475,4,1,7,5,2,3,9,10,6,8
2476,4,1,5,6,8,2,3,10,7,9
2477,10,1,4,8,2,9,3,6,7,5
2478,1,4,5,2,3,7,9,10,6,8
2479,1,4,2,5,3,7,6,10,9,8
2480,1,4,9,2,3,5,8,6,10,7
2481,1,4,2,3,5,7,6,10,9,8
2482,1,4,2,9,8,3,7,10,5,6
2483,8,4,1,10,9,3,2,6,5,7
2484,4,8,1,3,9,10,5,2,6,7
2485,1,5,4,2,3,9,7,6,10,8
2486,4,8,1,2,10,3,5,9,7,6
2487,1,4,5,10,2,6,3,7,9,8
2488,1,4,5,9,8,3,10,2,6,7
2489,1,2,4,3,7,8,10,6,5,9
2490,8,4,1,9,2,10,3,6,5,7
2491,1,10,5,2,7,4,3,9,6,8
2492,1,4,5,7,8,10,2,3,9,6
2493,1,4,9,2,8,3,5,10,7,6
2494,1,4,5,2,10,7,8,3,9,6
2495,1,3,5,7,4,2,6,9,10,8
2496,1,4,3,5,2,7,6,9,10,8
2497,1,4,5,2,3,7,6,9,10,8
2498,1,7,3,5,2,4,6,10,9,8
2499,1,4,5,3,7,2,6,9,10,8
2500,1,2,10,5,9,4,7,3,6,8
2501,1,4,3,2,9,5,10,7,8,6
2502,1,2,4,10,3,8,9,7,5,6
2503,8,4,1,9,2,3,10,6,5,7
2504,1,2,5,9,3,6,4,10,7,8
2505,8,9,4,1,10,3,2,5,6,7
2506,4,1,10,2,3,8,9,7,5,6
2507,1,4,5,6,3,2,7,9,10,8
2508,1,4,5,7,3,2,9,6,10,8
2509,4,1,6,5,2,3,9,10,7,8
2510,1,4,2,7,10,5,6,3,9,8
2511,1,4,2,3,10,9,5,7,8,6
2512,1,4,2,7,5,3,6,10,9,8
2513,1,2,4,3,7,10,5,8,9,6
2514,4,8,1,10,3,9,2,5,6,7
2515,1,4,9,2,3,5,10,8,6,7
2516,1,2,10,4,5,9,3,6,8,7
2517,1,4,5,3,7,9,2,6,10,8
2518,1,2,5,4,3,6,7,9,10,8
2519,2,1,4,3,10,5,9,7,8,6
2520,1,4,6,5,8,3,2,7,9,10
2521,1,5,4,2,9,7,10,3,6,8
2522,1,2,4,10,3,9,5,7,8,6
2523,1,4,2,10,5,7,3,6,9,8
2524,8,4,1,9,6,7,10,2,3,5
2525,4,1,5,3,2,6,7,10,8,9
2526,1,4,3,2,5,10,9,8,7,6
2527,1,4,2,5,3,7,10,9,6,8
2528,1,4,2,5,3,7,6,9,10,8
2529,1,2,4,3,5,10,9,7,6,8
2530,4,1,7,6,10,5,9,2,8,3
2531,1,4,2,3,5,10,9,7,8,6
2532,4,1,8,9,10,2,6,5,3,7
2533,8,4,6,1,3,5,2,9,10,7
2534,1,5,4,7,2,6,3,10,9,8
2535,1,4,2,3,10,5,7,9,6,8
2536,6,8,4,9,1,5,10,2,3,7
2537,4,8,10,9,1,6,3,2,5,7
2538,1,4,5,2,9,3,6,10,8,7
2539,5,1,4,9,7,3,10,6,8,2
2540,1,4,5,9,10,2,3,7,6,8
2541,1,4,2,5,6,3,7,9,10,8
2542,1,4,5,6,9,2,7,10,3,8
2543,1,4,2,3,5,9,7,10,6,8
2544,1,4,2,5,3,10,6,7,9,8
2545,4,1,5,2,3,9,10,7,8,6
2546,1,2,4,10,7,3,9,5,6,8
2547,4,8,1,3,5,10,7,2,9,6
2548,2,10,8,4,1,9,6,3,5,7
2549,1,4,5,2,3,6,7,10,9,8
2550,1,2,4,5,9,3,10,8,6,7
2551,1,4,5,7,2,3,9,6,10,8
2552,4,1,5,9,2,3,6,7,8,10
2553,1,5,4,10,7,2,9,6,3,8
2554,1,4,2,9,8,3,5,10,6,7
2555,8,9,4,1,2,3,10,5,6,7
2556,1,3,4,2,5,7,6,10,9,8
2557,2,1,6,4,8,3,10,5,9,7
2558,1,4,5,3,6,10,2,9,8,7
2559,1,2,4,10,8,7,3,9,5,6
2560,1,2,4,5,7,10,3,8,6,9
2561,8,1,4,10,3,2,9,5,6,7
2562,1,4,2,5,3,7,10,9,8,6
2563,1,2,4,10,3,8,9,5,7,6
2564,8,4,1,10,9,2,6,5,3,7
2565,1,4,5,2,3,6,7,9,10,8
2566,1,4,2,7,5,3,9,10,6,8
2567,6,10,1,4,7,9,2,8,5,3
2568,1,4,3,2,10,8,6,7,9,5
2569,4,1,5,10,3,8,2,7,9,6
2570,1,4,2,5,3,7,10,6,9,8
2571,10,2,1,4,8,6,9,3,5,7
2572,1,4,3,2,5,7,10,9,6,8
2573,1,2,4,3,8,5,9,7,10,6
2574,6,4,1,3,9,10,5,8,2,7
2575,1,4,5,2,9,7,8,3,10,6
2576,1,4,5,3,7,9,2,6,10,8
2577,1,4,5,3,2,7,10,6,9,8
2578,1,4,2,5,10,3,7,6,9,8
2579,9,10,8,4,5,1,2,3,6,7
2580,4,1,2,9,6,3,5,7,10,8
2581,1,9,4,8,2,3,10,5,7,6
2582,1,5,4,7,2,9,8,10,3,6
2583,9,4,1,8,10,5,3,2,7,6
2584,4,1,2,3,5,7,6,10,9,8
2585,8,1,4,9,3,10,6,2,5,7
2586,2,1,4,5,3,10,9,8,6,7
2587,2,1,4,10,3,9,7,5,6,8
2588,4,8,1,2,10,5,3,9,7,6
2589,1,4,5,7,3,10,2,9,8,6
2590,1,4,7,2,3,5,6,10,9,8
2591,4,1,7,5,3,2,9,10,8,6
2592,1,4,5,2,7,9,3,6,10,8
2593,1,4,8,10,2,5,9,3,6,7
2594,1,4,2,5,3,7,6,10,9,8
2595,4,1,8,3,9,10,5,2,6,7
2596,1,5,4,2,6,10,3,9,7,8
2597,5,4,1,3,9,7,2,8,10,6
2598,1,4,5,2,7,10,3,9,8,6
2599,1,4,2,5,3,9,10,8,6,7
2600,1,2,4,3,8,10,9,5,6,7
2601,1,4,2,5,3,7,6,10,9,8
2602,4,1,8,2,9,5,10,3,6,7
2603,6,4,1,3,5,9,10,2,8,7
2604,5,4,1,3,6,9,7,2,8,10
2605,1,4,7,3,5,9,2,10,6,8
2606,1,2,10,4,8,9,3,7,5,6
2607,1,4,7,5,2,3,10,9,6,8
2608,1,10,9,4,2,8,5,3,7,6
2609,1,4,2,9,10,3,8,5,6,7
2610,1,4,3,2,7,5,6,10,9,8
2611,1,4,2,3,10,9,5,8,7,6
2612,4,1,2,10,9,3,8,6,5,7
2613,4,1,7,3,5,2,9,6,10,8
2614,1,4,5,7,2,3,9,10,8,6
2615,1,5,4,3,6,10,7,9,2,8
2616,4,1,8,2,9,3,6,10,7,5
2617,1,3,6,2,4,5,7,10,9,8
2618,1,2,4,3,7,5,6,9,10,8
2619,4,1,9,2,3,10,6,8,5,7
2620,1,4,5,2,6,9,3,10,7,8
2621,1,4,7,2,5,3,10,6,9,8
2622,1,4,2,5,3,7,10,9,6,8
2623,1,4,5,7,10,2,3,9,6,8
2624,4,8,2,1,9,3,5,10,7,6
2625,1,4,5,7,2,3,10,6,9,8
2626,5,9,1,4,6,7,2,3,10,8
2627,4,1,9,10,2,3,5,8,7,6
2628,10,4,8,3,5,2,9,6,1,7
2629,6,8,1,3,4,5,10,9,7,2
2630,1,4,10,2,6,3,7,8,5,9
2631,4,1,5,3,8,6,9,10,7,2
2632,4,1,10,5,3,2,7,6,9,8
2633,1,4,2,7,3,5,10,6,9,8
2634,1,2,4,10,3,9,8,5,7,6
2635,1,5,3,4,2,7,6,10,9,8
2636,1,4,2,9,10,5,8,7,3,6
2637,8,4,1,10,9,2,3,5,6,7
2638,1,2,4,5,10,6,3,7,9,8
2639,1,2,4,3,9,8,5,10,6,7
2640,1,5,10,7,4,3,2,9,6,8
2641,1,4,2,7,3,5,6,10,9,8
2642,1,4,3,2,7,5,10,6,9,8
