,Rank_1,Rank_2,Rank_3,Rank_4,Rank_5,Rank_6,Rank_7,Rank_8,Rank_9,Rank_10
0,4,1,5,2,8,3,9,7,10,6
1,1,4,5,2,7,3,10,9,6,8
2,1,4,2,7,3,5,10,6,9,8
3,1,4,5,2,3,9,6,7,10,8
4,1,4,5,2,3,9,7,10,6,8
5,4,1,5,2,9,3,8,10,7,6
6,4,1,8,9,10,2,3,6,5,7
7,1,2,4,9,3,10,5,8,7,6
8,1,4,2,3,7,5,6,8,10,9
9,4,1,2,8,3,9,5,10,7,6
10,1,4,2,6,10,7,3,5,9,8
11,1,4,2,3,10,5,9,7,8,6
12,1,4,5,6,2,3,7,10,9,8
13,4,8,1,9,2,10,3,5,6,7
14,1,4,2,3,10,7,9,5,6,8
15,8,9,10,1,4,2,6,3,5,7
16,6,1,10,4,2,3,5,9,7,8
17,1,4,2,10,3,5,9,8,7,6
18,6,1,8,10,9,4,5,2,3,7
19,4,1,8,2,9,3,5,10,6,7
20,1,4,2,7,5,3,10,9,6,8
21,1,4,6,5,7,2,3,10,9,8
22,1,2,4,10,3,9,5,7,6,8
23,1,8,10,2,9,4,3,6,5,7
24,1,4,5,3,2,9,7,10,8,6
25,8,4,9,1,2,3,10,5,6,7
26,1,4,5,2,3,6,10,9,7,8
27,1,4,5,3,2,9,6,10,7,8
28,1,2,4,10,9,3,7,5,8,6
29,1,2,4,10,5,3,7,9,6,8
30,1,4,6,2,10,7,3,5,9,8
31,8,1,4,9,2,10,3,5,6,7
32,1,2,4,3,10,7,9,5,8,6
33,1,4,5,3,2,7,9,10,6,8
34,8,4,9,1,2,5,10,3,6,7
35,1,4,6,5,7,3,2,8,9,10
36,1,4,2,10,9,3,7,5,8,6
37,8,4,1,9,2,5,3,10,6,7
38,1,4,5,2,3,7,10,6,9,8
39,4,1,5,3,9,8,2,7,6,10
40,4,1,5,6,2,3,10,7,9,8
41,1,4,2,7,3,5,10,9,6,8
42,8,4,1,2,9,10,6,3,5,7
43,1,4,2,5,3,7,6,10,9,8
44,1,4,2,3,8,5,9,10,7,6
45,1,7,4,2,5,3,10,6,9,8
46,1,4,9,5,8,2,3,10,7,6
47,1,4,5,6,3,2,7,10,9,8
48,1,4,2,5,3,7,10,9,6,8
49,1,4,2,8,10,3,9,6,7,5
50,1,4,2,3,5,10,9,7,8,6
51,1,4,2,3,7,6,5,10,9,8
52,1,2,4,10,9,8,3,6,5,7
53,1,2,4,3,7,10,5,9,8,6
54,1,4,2,7,3,5,10,9,6,8
55,8,4,9,1,2,10,3,5,6,7
56,4,6,1,5,8,9,2,3,10,7
57,1,4,2,7,5,3,10,6,9,8
58,8,9,6,10,1,4,2,5,3,7
59,1,4,2,5,3,7,9,6,10,8
60,1,2,4,9,5,3,10,8,7,6
61,1,4,5,2,3,7,6,9,10,8
62,1,4,2,5,3,7,10,6,9,8
63,1,4,5,3,2,9,8,6,10,7
64,1,4,2,8,3,10,9,5,7,6
65,1,4,2,3,10,5,9,8,6,7
66,1,4,2,6,3,5,10,7,9,8
67,1,2,4,7,5,3,10,6,9,8
68,1,4,2,7,5,10,3,9,6,8
69,1,5,9,4,6,10,2,7,3,8
70,1,4,5,2,3,6,7,10,9,8
71,1,4,5,3,6,2,9,7,10,8
72,1,4,2,10,5,7,9,3,6,8
73,8,1,10,2,4,9,6,3,5,7
74,1,4,2,3,10,7,9,5,8,6
75,8,9,6,10,4,1,2,3,5,7
76,6,1,5,9,3,10,4,8,2,7
77,4,1,5,3,7,2,6,9,10,8
78,1,4,5,2,9,3,10,7,6,8
79,4,1,8,2,3,5,9,10,6,7
80,1,4,2,5,3,7,9,10,6,8
81,4,1,2,8,3,5,9,10,7,6
82,1,4,2,9,10,3,5,8,7,6
83,1,4,2,5,3,7,10,9,6,8
84,1,4,10,9,2,7,8,3,5,6
85,4,1,8,9,5,2,3,10,6,7
86,1,6,8,9,5,10,4,3,7,2
87,1,4,7,2,3,5,10,9,6,8
88,1,4,2,5,7,3,10,9,6,8
89,1,4,2,5,3,7,6,10,9,8
90,1,4,5,2,3,9,7,10,6,8
91,4,1,5,6,9,3,2,7,10,8
92,1,4,2,5,3,9,10,7,8,6
93,4,1,2,8,9,5,3,10,7,6
94,1,4,2,5,7,3,10,6,9,8
95,4,1,5,6,2,3,7,9,8,10
96,1,4,2,5,3,7,10,6,9,8
97,1,4,5,3,6,9,2,7,10,8
98,1,5,4,2,3,7,9,6,10,8
99,1,4,2,5,3,6,7,10,9,8
100,1,4,5,9,2,10,3,7,8,6
101,1,2,4,3,5,9,10,7,8,6
102,1,4,2,3,5,9,10,7,8,6
103,4,1,2,8,9,10,3,5,6,7
104,1,2,7,4,5,3,10,9,6,8
105,1,4,2,3,10,5,7,9,6,8
106,4,8,1,9,10,2,3,5,6,7
107,1,4,2,9,5,3,7,10,8,6
108,1,4,6,5,10,2,7,3,9,8
109,1,4,2,7,5,3,10,9,6,8
110,1,4,2,3,5,10,9,7,8,6
111,1,4,2,5,3,7,9,10,6,8
112,1,2,4,10,9,3,5,7,8,6
113,1,4,2,7,5,3,10,9,6,8
114,1,4,2,9,5,3,10,7,8,6
115,1,4,5,9,3,2,8,10,7,6
116,1,4,5,2,3,9,10,7,6,8
117,4,1,8,2,9,10,3,5,7,6
118,1,4,2,7,3,5,10,9,6,8
119,1,4,2,3,7,10,5,9,6,8
120,1,4,2,9,5,3,8,10,7,6
121,1,2,10,5,4,9,7,3,6,8
122,1,4,5,2,3,7,6,9,10,8
123,1,4,2,5,3,7,10,6,9,8
124,8,4,1,2,9,10,6,3,5,7
125,1,4,2,5,3,7,9,10,8,6
126,8,1,9,4,6,2,5,3,10,7
127,1,4,2,3,9,5,8,10,7,6
128,1,4,5,2,3,7,9,10,6,8
129,1,4,5,7,9,3,8,2,6,10
130,1,4,2,3,5,7,6,10,9,8
131,1,4,2,5,3,7,9,10,6,8
132,8,9,1,4,2,10,3,5,6,7
133,1,4,2,3,5,9,10,7,6,8
134,1,4,6,5,2,7,3,10,9,8
135,4,1,5,9,3,2,8,7,6,10
136,1,4,2,5,7,3,9,10,6,8
137,1,4,2,3,7,10,8,9,5,6
138,1,4,2,7,5,6,10,3,9,8
139,1,2,4,3,10,7,8,6,5,9
140,4,1,9,8,5,2,10,3,6,7
141,1,4,2,10,3,9,6,8,7,5
142,1,4,2,3,10,9,8,5,7,6
143,1,4,5,2,3,7,9,6,10,8
144,1,4,5,2,3,6,7,9,10,8
145,1,4,2,5,3,7,10,9,6,8
146,1,4,2,7,10,5,3,6,9,8
147,4,1,6,5,10,8,9,3,2,7
148,1,4,2,5,3,7,9,10,6,8
149,1,4,2,3,7,5,10,9,6,8
150,1,4,6,5,9,10,7,2,8,3
151,1,4,2,7,5,3,6,10,9,8
152,1,4,5,2,3,7,9,6,10,8
153,6,1,10,4,2,3,8,9,7,5
154,8,4,1,9,2,10,3,6,5,7
155,1,4,2,3,5,9,10,7,8,6
156,1,6,4,5,10,7,2,3,9,8
157,8,9,1,4,10,2,3,5,6,7
158,1,7,4,2,3,5,6,10,9,8
159,1,4,2,3,9,10,5,8,7,6
160,4,1,2,8,9,10,3,5,7,6
161,1,4,2,3,5,9,10,7,8,6
162,1,4,5,6,2,3,7,10,9,8
163,1,4,2,7,5,3,10,9,6,8
164,1,4,2,7,5,10,3,9,6,8
165,1,4,5,2,3,7,9,10,6,8
166,1,4,5,3,7,6,9,2,10,8
167,1,4,8,6,2,10,3,9,5,7
168,8,4,1,9,2,10,3,5,6,7
169,1,4,2,3,5,7,10,9,8,6
170,1,4,2,3,5,10,8,9,7,6
171,1,4,2,5,3,7,10,9,6,8
172,8,4,9,1,2,10,3,5,6,7
173,1,4,2,5,3,7,6,10,9,8
174,1,4,8,2,9,10,3,5,7,6
175,6,1,4,10,8,9,5,2,3,7
176,1,4,10,6,2,7,9,5,3,8
177,1,4,2,3,5,7,10,6,9,8
178,1,4,2,5,7,3,10,9,6,8
179,1,5,2,4,7,6,3,8,10,9
180,1,2,4,3,10,5,7,9,6,8
181,1,2,7,5,4,3,10,6,9,8
182,4,1,8,2,3,9,10,5,6,7
183,4,1,2,3,8,9,5,10,7,6
184,1,4,2,3,5,7,6,10,9,8
185,1,2,4,10,5,9,3,7,6,8
186,4,1,2,8,3,9,5,10,7,6
187,4,1,5,3,2,6,9,7,10,8
188,1,4,7,2,10,6,3,5,8,9
189,1,2,4,3,10,5,7,9,8,6
190,1,4,2,6,5,3,7,10,8,9
191,1,4,2,5,3,7,10,9,6,8
192,8,9,1,4,10,5,2,3,6,7
193,1,4,2,3,5,9,7,8,10,6
194,1,4,5,2,3,7,9,10,6,8
195,1,4,5,2,3,7,9,10,6,8
196,4,1,8,2,3,10,6,5,9,7
197,1,5,6,4,3,9,2,10,7,8
198,8,1,9,10,6,4,2,5,3,7
199,1,4,2,5,9,3,10,7,8,6
200,1,4,2,3,5,7,9,10,8,6
201,1,4,2,3,5,9,10,7,8,6
202,1,4,2,9,3,5,8,10,7,6
203,1,4,8,10,9,2,6,3,7,5
204,1,4,2,5,3,6,10,7,9,8
205,1,4,9,8,5,2,3,10,7,6
206,1,4,2,5,3,7,10,6,9,8
207,1,2,4,8,6,3,5,9,10,7
208,1,4,8,9,5,2,10,3,6,7
209,1,4,2,3,5,9,8,7,10,6
210,1,2,4,3,7,10,5,9,6,8
211,1,4,5,2,3,6,9,10,7,8
212,1,4,5,2,3,7,6,10,9,8
213,1,4,5,3,2,7,9,6,10,8
214,4,1,2,8,9,3,5,10,7,6
215,4,1,6,2,5,3,10,9,7,8
216,8,4,1,2,9,10,6,3,5,7
217,8,1,9,2,4,10,3,5,6,7
218,1,4,2,10,9,8,7,6,5,3
219,1,4,5,3,2,7,6,9,8,10
220,4,8,1,2,9,3,5,10,6,7
221,1,4,2,10,9,3,8,5,7,6
222,1,4,2,6,10,5,7,3,9,8
223,8,4,9,1,2,10,3,6,5,7
224,4,8,6,1,9,10,5,3,2,7
225,4,1,5,9,8,3,2,6,10,7
226,1,4,2,5,3,7,6,10,9,8
227,1,4,2,10,9,8,3,5,7,6
228,1,4,2,3,9,5,10,7,8,6
229,1,4,7,2,5,3,6,10,9,8
230,6,1,8,5,9,3,4,10,2,7
231,1,4,7,5,2,6,3,10,9,8
232,6,1,10,4,2,3,9,5,8,7
233,1,8,4,10,2,9,6,3,5,7
234,1,4,2,5,3,7,9,10,6,8
235,8,4,9,1,10,2,3,5,6,7
236,1,2,4,5,7,3,10,9,6,8
237,1,2,4,5,3,7,9,10,6,8
238,1,4,8,9,5,2,3,10,6,7
239,1,2,4,3,5,10,7,9,6,8
240,1,4,2,5,7,3,10,9,6,8
241,1,4,2,3,7,5,10,6,9,8
242,1,4,5,8,9,2,6,3,7,10
243,1,4,6,5,7,3,2,10,9,8
244,1,4,5,3,2,9,8,10,7,6
245,1,4,5,2,6,3,10,7,9,8
246,8,1,4,9,2,10,3,5,7,6
247,6,1,10,4,5,2,3,7,9,8
248,1,4,5,2,3,7,9,10,6,8
249,8,9,1,4,10,6,2,5,3,7
250,8,9,4,1,10,2,3,5,6,7
251,1,4,5,3,2,7,9,6,10,8
252,1,2,4,10,3,9,5,7,6,8
253,1,2,4,3,10,7,9,5,8,6
254,1,4,5,7,2,3,9,10,6,8
255,4,1,5,6,8,9,3,2,10,7
256,4,1,8,9,2,10,3,5,7,6
257,1,4,2,5,7,3,10,9,6,8
258,4,1,5,2,9,3,8,10,6,7
259,1,4,2,3,5,9,10,7,8,6
260,1,4,2,7,3,6,5,10,9,8
261,1,4,5,2,3,7,9,10,6,8
262,1,6,4,7,5,3,2,10,9,8
263,1,4,2,5,3,7,9,10,8,6
264,4,1,3,5,6,2,7,8,9,10
265,1,4,2,3,10,5,9,8,7,6
266,4,5,1,9,8,2,6,3,10,7
267,1,2,4,6,7,10,3,5,9,8
268,1,4,5,2,3,7,9,10,6,8
269,1,4,2,7,5,3,10,9,6,8
270,1,4,2,3,5,10,9,7,8,6
271,1,4,2,5,3,6,7,9,10,8
272,4,1,5,6,3,2,9,10,7,8
273,4,1,2,3,8,9,5,10,7,6
274,4,1,9,2,5,3,6,10,8,7
275,4,1,2,9,8,3,5,10,6,7
276,1,4,2,5,3,7,10,9,6,8
277,1,2,4,9,8,3,5,10,7,6
278,8,1,4,10,9,2,3,6,5,7
279,1,4,2,3,8,10,9,5,6,7
280,9,8,6,10,1,5,4,3,2,7
281,1,6,4,10,9,8,5,2,3,7
282,1,4,5,3,2,7,6,9,10,8
283,1,4,2,3,7,5,10,9,6,8
284,1,6,4,5,10,2,3,9,7,8
285,1,4,2,5,3,10,9,7,6,8
286,1,4,5,3,2,7,9,6,10,8
287,1,2,5,7,4,3,10,6,9,8
288,1,4,2,7,5,3,10,9,8,6
289,1,4,5,2,3,7,9,10,6,8
290,1,4,9,5,10,6,2,3,7,8
291,1,2,4,5,7,3,10,9,6,8
292,1,4,2,5,3,7,10,9,8,6
293,1,2,10,4,9,3,5,8,7,6
294,4,1,8,2,5,3,9,6,10,7
295,1,4,2,10,6,7,3,5,9,8
296,1,4,2,10,5,3,6,7,9,8
297,1,4,2,3,10,7,9,5,8,6
298,1,2,10,9,4,8,3,6,5,7
299,1,4,5,2,3,8,7,6,9,10
300,1,4,9,8,10,2,5,3,6,7
301,1,4,9,10,2,8,7,5,3,6
302,4,1,5,2,9,3,6,7,10,8
303,1,5,2,4,7,3,10,9,6,8
304,1,4,2,3,5,6,7,10,9,8
305,1,4,8,2,9,10,3,5,7,6
306,1,4,5,2,3,7,9,10,6,8
307,1,4,5,2,7,3,10,6,9,8
308,1,4,2,5,7,3,9,10,6,8
309,8,6,4,1,9,5,10,3,2,7
310,1,4,2,9,8,3,10,5,7,6
311,8,4,1,9,5,10,6,2,3,7
312,1,4,2,5,3,7,6,9,10,8
313,8,1,9,4,2,10,3,5,7,6
314,4,1,2,3,8,10,5,6,9,7
315,1,2,4,3,10,9,7,5,8,6
316,1,4,7,2,3,5,10,6,9,8
317,1,2,5,7,4,9,3,10,6,8
318,6,4,1,10,8,9,3,2,5,7
319,4,1,2,8,9,3,10,5,7,6
320,1,4,5,2,3,7,9,10,6,8
321,1,2,4,3,10,7,5,9,6,8
322,1,4,2,5,9,3,10,7,8,6
323,1,5,6,4,3,2,9,8,7,10
324,1,2,4,10,3,9,7,8,5,6
325,8,9,4,1,10,2,3,5,6,7
326,1,4,2,6,3,7,10,5,9,8
327,1,4,2,5,3,7,6,9,8,10
328,1,4,7,2,3,6,5,10,9,8
329,1,2,7,4,5,3,10,6,9,8
330,1,2,4,7,5,3,10,6,9,8
331,8,4,9,1,2,10,3,5,6,7
332,1,4,2,5,3,7,6,10,9,8
333,1,4,2,3,10,5,9,7,8,6
334,1,4,2,5,3,7,10,6,9,8
335,8,4,1,9,2,10,3,5,6,7
336,1,5,2,7,4,3,9,6,10,8
337,1,5,9,2,4,3,10,7,8,6
338,1,4,5,2,3,7,6,9,8,10
339,1,4,2,3,5,9,8,10,7,6
340,1,4,6,5,9,3,2,10,7,8
341,1,4,8,10,9,2,6,3,5,7
342,1,7,2,4,5,3,6,10,9,8
343,1,8,4,5,9,6,3,2,10,7
344,1,2,7,4,5,3,10,9,6,8
345,1,10,4,6,2,9,8,3,7,5
346,1,5,4,2,3,7,9,10,6,8
347,1,4,2,3,10,5,9,7,8,6
348,1,4,2,5,3,7,10,9,6,8
349,1,2,4,10,3,9,5,7,6,8
350,1,4,2,5,10,6,3,9,7,8
351,1,4,2,5,7,3,10,9,6,8
352,1,2,4,5,7,3,10,6,9,8
353,8,1,4,2,9,10,3,6,5,7
354,4,1,6,2,3,5,10,7,9,8
355,1,2,6,7,10,3,5,4,9,8
356,4,1,2,9,8,10,3,5,6,7
357,1,4,5,6,3,2,7,10,8,9
358,1,2,4,5,3,9,10,7,8,6
359,1,4,5,2,3,6,7,8,9,10
360,1,4,5,2,3,7,6,10,9,8
361,1,2,4,10,3,9,7,5,8,6
362,1,4,2,5,7,3,6,10,9,8
363,1,2,4,3,8,7,5,10,6,9
364,1,7,4,2,3,5,10,6,9,8
365,4,1,5,3,2,8,9,6,10,7
366,1,2,4,3,9,5,10,7,8,6
367,1,4,5,2,3,9,10,7,6,8
368,1,4,2,3,10,7,9,8,5,6
369,4,8,1,2,10,9,3,6,5,7
370,1,4,2,9,8,10,3,5,7,6
371,1,4,2,7,5,3,10,9,6,8
372,4,1,5,3,2,9,6,7,10,8
373,4,1,2,3,10,5,8,9,7,6
374,1,6,10,2,4,3,9,5,7,8
375,1,4,2,7,5,6,3,10,9,8
376,1,2,4,10,3,9,5,7,6,8
377,1,4,2,5,3,7,9,10,6,8
378,8,9,4,1,5,10,2,3,6,7
379,1,4,6,5,2,3,7,10,8,9
380,4,1,2,8,6,10,9,3,5,7
381,1,2,4,5,7,3,10,9,6,8
382,4,1,5,6,3,9,2,10,8,7
383,4,1,5,9,6,8,3,2,10,7
384,1,4,5,3,2,7,9,6,10,8
385,8,4,9,1,10,2,3,5,6,7
386,1,2,4,9,10,5,3,6,7,8
387,1,4,2,9,8,10,3,5,7,6
388,1,8,4,9,10,2,5,3,6,7
389,1,4,5,6,2,3,7,8,9,10
390,1,4,5,6,3,2,7,8,9,10
391,4,1,5,9,3,8,6,2,10,7
392,4,1,2,3,5,8,9,10,7,6
393,1,4,2,5,3,7,10,9,6,8
394,6,1,4,5,10,9,3,2,7,8
395,1,4,5,3,2,7,6,10,9,8
396,4,1,2,3,10,9,8,5,7,6
397,1,4,5,6,2,3,10,9,7,8
398,1,4,2,3,8,10,9,5,7,6
399,8,4,1,9,2,10,3,5,6,7
400,4,1,8,2,10,3,9,6,5,7
401,1,4,2,5,3,7,9,10,6,8
402,1,8,4,2,10,9,3,6,5,7
403,8,4,1,9,2,10,3,5,6,7
404,1,4,5,3,2,9,7,8,10,6
405,1,4,5,2,3,7,9,10,6,8
406,1,4,2,7,5,3,10,9,8,6
407,1,4,2,9,7,5,10,3,8,6
408,1,8,4,9,5,3,10,2,6,7
409,1,4,5,2,7,3,6,9,8,10
410,1,4,5,9,3,2,8,10,7,6
411,1,9,4,10,2,5,8,3,6,7
412,1,2,4,3,10,9,7,5,8,6
413,1,2,4,10,3,9,7,5,8,6
414,1,4,2,3,9,5,10,8,7,6
415,1,4,2,8,10,9,3,6,5,7
416,1,4,5,2,3,6,7,10,9,8
417,1,2,6,10,3,4,8,9,5,7
418,1,4,5,6,2,3,7,10,9,8
419,1,5,2,4,7,3,9,10,6,8
420,4,1,5,9,8,2,6,3,10,7
421,1,4,5,2,3,7,9,10,6,8
422,1,4,5,3,2,9,8,7,6,10
423,4,8,1,9,2,10,3,5,6,7
424,1,4,2,3,10,5,9,8,7,6
425,4,1,8,2,3,9,5,10,6,7
426,1,4,6,2,7,3,5,10,9,8
427,4,1,5,3,2,6,9,7,8,10
428,1,4,5,3,2,7,9,6,10,8
429,1,4,9,5,7,2,3,10,8,6
430,1,4,2,5,3,7,9,10,8,6
431,8,9,4,1,10,2,3,5,6,7
432,1,4,7,2,3,5,6,10,9,8
433,1,4,2,5,3,7,9,10,8,6
434,1,4,8,2,9,6,10,3,5,7
435,4,1,9,5,6,8,3,2,10,7
436,1,4,5,2,3,9,7,10,6,8
437,1,4,5,2,3,9,7,10,6,8
438,1,4,2,5,7,3,9,10,6,8
439,4,1,2,3,5,9,10,8,7,6
440,1,2,4,10,3,9,7,5,8,6
441,1,4,5,9,10,6,2,7,8,3
442,4,1,2,3,8,10,5,9,7,6
443,1,4,5,3,2,7,6,10,9,8
444,1,4,7,3,2,5,10,9,6,8
445,1,2,4,5,10,7,3,9,6,8
446,1,4,2,5,3,7,10,6,9,8
447,4,1,8,2,9,10,3,5,7,6
448,4,8,1,9,2,3,10,5,6,7
449,1,9,2,5,4,3,10,6,8,7
450,1,4,5,2,3,7,9,10,6,8
451,1,4,9,8,5,10,3,2,6,7
452,4,1,5,2,3,9,10,8,6,7
453,1,4,2,8,9,10,3,5,7,6
454,1,4,8,2,9,10,3,6,5,7
455,6,1,10,4,8,2,9,3,5,7
456,8,9,4,1,10,6,5,2,3,7
457,1,4,2,5,3,7,6,10,9,8
458,1,4,5,2,3,7,9,6,10,8
459,4,1,5,3,9,2,10,8,6,7
460,1,4,2,3,5,7,10,6,9,8
461,1,4,5,6,3,7,2,9,10,8
462,4,1,8,2,9,3,5,10,6,7
463,1,2,4,7,6,3,5,10,9,8
464,1,6,4,5,9,10,2,3,8,7
465,4,1,8,2,9,3,5,10,6,7
466,1,4,5,2,3,9,10,7,6,8
467,1,4,2,5,3,7,10,9,6,8
468,1,2,9,4,8,10,3,5,7,6
469,8,9,4,1,10,5,2,3,6,7
470,1,4,9,5,8,2,10,3,7,6
471,1,4,5,2,3,9,10,8,7,6
472,4,1,5,6,3,2,7,8,10,9
473,1,4,8,9,2,10,3,5,6,7
474,1,2,4,10,9,3,8,5,6,7
475,1,4,5,2,3,7,6,9,10,8
476,1,4,5,2,3,7,6,9,10,8
477,1,4,5,2,3,9,10,7,6,8
478,1,8,4,2,9,3,10,5,7,6
479,1,4,6,2,3,5,7,8,10,9
480,1,4,2,7,10,6,3,5,9,8
481,1,6,5,4,8,9,2,3,10,7
482,1,4,5,2,9,3,10,7,6,8
483,1,4,2,3,5,10,9,7,8,6
484,1,4,2,3,10,9,8,5,7,6
485,4,1,5,9,8,3,6,2,10,7
486,1,4,2,9,10,8,3,5,7,6
487,4,1,2,8,9,3,10,5,7,6
488,1,5,2,4,3,7,9,6,10,8
489,8,4,1,9,2,10,3,5,6,7
490,4,1,5,6,3,7,2,9,10,8
491,1,4,6,7,10,2,3,5,8,9
492,1,4,7,2,3,5,10,9,6,8
493,1,4,5,2,7,3,9,10,6,8
494,1,2,4,5,7,3,10,9,6,8
495,1,4,2,3,10,5,7,9,8,6
496,1,4,5,2,3,7,9,10,8,6
497,1,4,5,2,3,7,9,6,8,10
498,8,9,6,1,10,4,5,3,2,7
499,8,4,9,1,2,5,10,3,6,7
500,1,4,2,5,3,7,9,10,6,8
501,4,1,5,9,8,6,3,2,10,7
502,4,1,6,5,10,2,3,9,7,8
503,1,4,5,3,2,7,9,6,10,8
504,1,4,5,2,3,9,7,10,6,8
505,8,9,4,1,2,10,3,5,6,7
506,1,4,5,2,3,7,9,10,6,8
507,6,4,8,1,5,9,10,2,3,7
508,1,4,2,3,7,5,10,9,6,8
509,1,7,4,2,3,5,10,6,9,8
510,1,4,6,7,3,2,5,8,10,9
511,6,8,1,4,9,10,5,2,3,7
512,1,4,2,3,10,5,7,9,6,8
513,4,8,1,9,5,2,3,6,10,7
514,1,2,4,5,3,6,7,10,9,8
515,1,4,2,7,3,10,5,9,6,8
516,1,4,2,5,3,7,10,9,6,8
517,1,4,5,2,3,9,7,10,6,8
518,1,4,2,5,6,10,3,7,9,8
519,1,4,2,7,5,3,10,6,9,8
520,4,1,2,3,5,9,10,8,7,6
521,4,1,5,3,2,8,9,6,7,10
522,1,4,9,5,2,3,10,7,8,6
523,4,1,8,2,9,10,3,5,7,6
524,1,4,2,9,3,8,10,5,7,6
525,8,4,9,1,2,10,3,5,6,7
526,4,1,8,9,10,2,3,5,6,7
527,1,4,2,5,3,7,10,9,6,8
528,1,4,5,3,2,6,7,9,10,8
529,1,4,2,5,7,3,6,8,10,9
530,4,1,2,8,3,10,9,5,6,7
531,8,4,1,9,2,10,3,5,6,7
532,1,4,5,3,2,7,6,9,10,8
533,1,4,2,5,3,7,9,10,6,8
534,1,4,2,5,7,3,10,9,6,8
535,1,4,5,3,2,7,6,9,10,8
536,1,2,4,7,5,3,10,9,6,8
537,4,1,5,9,2,8,3,6,10,7
538,1,4,2,3,5,7,10,6,9,8
539,1,2,4,10,3,5,9,7,6,8
540,1,4,8,9,10,2,5,3,6,7
541,4,1,8,2,9,10,3,5,7,6
542,1,4,5,9,2,3,10,6,7,8
543,1,2,4,3,9,5,10,7,8,6
544,1,2,4,8,9,10,3,5,6,7
545,1,4,5,2,3,7,9,10,6,8
546,1,4,2,3,10,9,8,5,7,6
547,1,4,6,2,7,3,5,10,9,8
548,1,4,5,3,2,7,9,6,10,8
549,1,4,2,3,9,8,10,7,5,6
550,1,4,2,3,10,9,5,7,8,6
551,1,4,2,3,7,10,5,9,8,6
552,4,8,1,9,2,10,3,5,7,6
553,1,4,2,3,7,5,10,6,9,8
554,4,9,8,1,5,10,2,3,6,7
555,4,8,1,5,6,3,9,2,10,7
556,1,4,5,8,2,9,3,7,10,6
557,1,5,2,4,3,7,10,9,6,8
558,1,4,2,5,7,3,9,10,6,8
559,1,4,3,5,7,2,6,10,9,8
560,1,2,7,4,5,3,10,6,9,8
561,4,1,8,2,9,10,3,5,7,6
562,1,4,5,3,9,7,2,6,8,10
563,1,2,4,7,5,3,10,9,6,8
564,8,4,1,9,2,10,3,5,6,7
565,4,1,8,2,10,9,6,3,5,7
566,4,1,5,3,2,6,8,9,7,10
567,1,9,8,5,4,6,10,3,2,7
568,1,8,4,9,10,2,3,5,6,7
569,1,4,2,7,5,3,10,6,9,8
570,1,4,7,2,5,3,10,9,6,8
571,4,1,8,2,9,3,5,10,6,7
572,1,4,2,3,5,7,8,6,9,10
573,1,4,2,8,10,3,9,6,7,5
574,1,7,2,3,4,10,5,6,9,8
575,1,2,4,3,9,10,7,5,8,6
576,4,1,5,2,3,9,8,6,10,7
577,1,4,2,9,3,5,8,10,7,6
578,4,1,2,10,8,9,3,6,5,7
579,4,1,5,3,6,2,7,9,10,8
580,1,4,2,5,3,7,10,9,6,8
581,1,4,2,7,5,3,10,9,6,8
582,1,4,2,7,5,3,10,6,9,8
583,4,1,5,6,3,2,9,10,8,7
584,1,2,4,10,3,9,5,7,8,6
585,4,1,5,3,6,2,7,9,10,8
586,4,1,2,3,8,9,10,7,5,6
587,1,2,4,10,9,3,5,7,8,6
588,1,4,2,5,3,7,6,10,9,8
589,1,4,2,3,7,10,6,5,9,8
590,4,8,1,9,2,5,3,10,6,7
591,1,4,3,2,5,8,7,9,10,6
592,1,2,4,5,10,7,3,9,6,8
593,1,4,2,5,3,7,9,10,6,8
594,1,2,4,7,5,3,10,6,9,8
595,1,4,6,5,3,2,7,10,8,9
596,1,4,2,3,5,7,10,9,6,8
597,4,1,2,8,9,3,10,5,7,6
598,1,4,2,5,7,3,6,10,9,8
599,1,2,4,9,10,3,8,5,7,6
600,4,1,5,9,3,2,8,6,10,7
601,8,4,1,5,9,3,6,2,10,7
602,1,4,2,7,5,3,6,10,9,8
603,4,1,8,2,9,3,10,5,7,6
604,1,4,2,5,7,3,9,10,6,8
605,1,6,10,3,4,2,8,9,5,7
606,4,1,8,9,3,2,5,10,6,7
607,8,9,4,1,10,2,3,5,6,7
608,1,4,2,7,5,3,6,10,9,8
609,1,4,6,10,5,7,2,9,3,8
610,1,4,5,6,2,3,9,10,7,8
611,1,4,2,5,7,6,3,10,8,9
612,1,4,2,5,3,7,10,9,6,8
613,1,4,5,2,3,9,7,10,6,8
614,1,4,2,3,10,5,9,7,8,6
615,1,4,2,5,3,7,9,10,6,8
616,4,1,5,6,9,8,3,2,10,7
617,4,1,5,9,8,3,2,6,10,7
618,1,4,2,3,5,7,10,6,9,8
619,8,9,4,10,1,2,6,3,5,7
620,1,4,5,2,3,7,9,10,6,8
621,1,4,2,5,7,3,9,10,6,8
622,8,9,4,1,10,2,3,5,6,7
623,8,9,4,1,10,2,3,5,6,7
624,1,4,5,7,2,3,6,9,10,8
625,1,4,2,3,5,7,10,6,9,8
626,1,4,2,5,7,3,6,10,9,8
627,8,1,4,2,9,10,6,3,5,7
628,1,4,2,5,7,3,10,6,9,8
629,1,4,2,5,3,7,10,9,6,8
630,4,1,5,9,8,6,3,2,10,7
631,4,1,8,2,3,9,5,10,7,6
632,1,7,4,2,3,5,6,10,9,8
633,1,4,2,7,5,3,10,9,6,8
634,1,4,5,2,3,9,6,10,7,8
635,1,2,4,5,3,6,7,10,9,8
636,1,4,8,9,2,3,10,5,7,6
637,1,4,6,10,2,7,3,5,9,8
638,1,4,2,7,5,3,10,9,6,8
639,1,2,4,7,5,3,10,9,6,8
640,1,4,6,2,10,5,3,7,9,8
641,1,4,2,3,10,7,9,5,8,6
642,1,4,5,3,7,2,9,6,10,8
643,1,2,4,5,7,3,6,10,9,8
644,1,4,2,3,5,7,10,9,6,8
645,1,4,5,2,7,3,9,6,10,8
646,1,4,8,5,9,3,2,10,6,7
647,1,4,5,3,2,9,7,10,8,6
648,1,5,2,4,6,7,3,8,10,9
649,8,9,4,6,1,10,5,2,3,7
650,4,1,5,2,3,9,8,6,10,7
651,8,9,1,4,10,5,6,2,3,7
652,1,4,2,5,3,7,10,9,6,8
653,1,6,7,4,5,3,2,10,9,8
654,1,8,4,2,9,3,10,5,6,7
655,1,2,4,9,3,10,5,7,8,6
656,8,9,4,1,10,2,3,5,6,7
657,1,4,2,7,5,3,10,9,6,8
658,4,1,8,2,3,10,6,9,5,7
659,1,4,2,7,3,5,10,6,9,8
660,1,2,4,10,3,9,8,7,5,6
661,1,4,5,2,8,3,6,9,7,10
662,8,1,4,10,2,9,3,6,5,7
663,4,1,2,8,3,10,9,5,7,6
664,1,4,2,7,5,3,10,9,6,8
665,1,4,5,2,3,7,9,10,6,8
666,1,4,2,8,9,10,3,5,7,6
667,4,1,2,3,5,9,8,10,7,6
668,1,2,4,9,10,3,5,7,8,6
669,1,2,4,5,7,3,10,6,9,8
670,8,9,4,10,1,2,3,5,6,7
671,1,4,7,2,3,5,10,6,9,8
672,1,4,2,7,3,5,10,6,9,8
673,1,5,4,2,9,3,10,6,7,8
674,1,4,2,5,3,6,7,10,9,8
675,4,8,1,2,3,5,9,10,6,7
676,1,4,9,8,10,5,6,2,3,7
677,1,4,2,7,5,3,10,6,9,8
678,1,4,9,5,10,8,2,7,6,3
679,1,4,6,5,3,2,8,10,7,9
680,4,1,5,3,2,6,7,10,9,8
681,8,9,4,1,2,10,3,5,6,7
682,1,4,5,2,3,7,9,10,6,8
683,1,4,5,3,6,2,8,10,7,9
684,1,4,2,3,5,7,10,9,6,8
685,1,4,2,5,3,7,10,9,6,8
686,6,1,4,5,7,2,3,10,9,8
687,1,4,2,8,10,3,6,9,7,5
688,4,1,2,8,10,9,3,6,5,7
689,1,4,2,5,7,3,6,8,10,9
690,1,4,2,5,3,6,7,10,9,8
691,1,4,2,5,9,3,10,8,7,6
692,1,4,2,3,7,10,5,6,9,8
693,9,8,10,6,1,4,2,5,3,7
694,1,2,8,4,10,9,3,5,6,7
695,4,1,8,2,3,9,5,10,6,7
696,1,6,5,4,2,7,8,3,10,9
697,1,4,2,3,5,6,7,10,9,8
698,1,4,2,5,3,9,7,10,6,8
699,1,9,4,8,10,5,6,2,3,7
700,1,2,4,9,3,5,10,7,8,6
701,1,4,5,2,3,9,8,7,10,6
702,4,1,5,3,2,6,9,7,8,10
703,1,4,2,3,10,5,7,9,8,6
704,1,4,8,2,9,10,3,5,7,6
705,1,4,10,2,6,3,9,7,8,5
706,4,1,5,3,2,7,6,8,9,10
707,4,1,5,3,2,9,8,10,7,6
708,1,4,2,5,3,7,10,9,6,8
709,1,4,2,5,3,7,9,10,6,8
710,1,4,5,2,3,9,10,8,7,6
711,1,4,5,2,3,7,9,10,6,8
712,4,1,5,3,2,6,8,7,9,10
713,1,4,2,3,5,8,9,10,7,6
714,1,4,5,3,9,2,7,10,8,6
715,1,4,2,5,7,3,9,10,6,8
716,4,1,3,2,5,6,7,10,9,8
717,1,4,2,3,5,7,10,6,9,8
718,1,4,2,3,10,9,5,8,7,6
719,1,6,4,7,5,3,9,10,2,8
720,1,2,8,4,10,6,9,3,7,5
721,5,1,6,4,9,8,3,10,2,7
722,4,1,5,2,3,9,8,10,7,6
723,1,2,4,7,5,10,3,9,6,8
724,1,4,2,5,7,3,10,9,6,8
725,1,4,2,8,9,10,3,5,6,7
726,4,1,5,3,6,7,9,2,8,10
727,1,6,7,10,2,4,3,5,9,8
728,4,1,5,3,2,6,7,8,9,10
729,4,1,8,2,9,3,10,5,7,6
730,4,1,2,8,3,10,9,5,7,6
731,1,4,5,2,6,7,3,10,9,8
732,1,4,2,5,3,7,10,9,6,8
733,1,10,2,9,6,4,3,8,7,5
734,6,1,4,8,5,9,10,2,3,7
735,1,4,2,5,3,7,10,9,6,8
736,4,1,5,9,3,8,2,6,10,7
737,1,4,2,7,10,3,6,5,9,8
738,4,1,5,3,6,2,9,10,7,8
739,8,1,4,2,9,10,6,3,5,7
740,8,4,9,1,10,5,3,2,6,7
741,1,4,2,3,7,10,5,9,8,6
742,4,1,5,6,3,2,7,8,9,10
743,1,7,4,2,3,10,6,5,9,8
744,1,2,4,3,10,5,9,7,8,6
745,1,4,2,3,9,10,8,5,7,6
746,1,4,2,5,3,7,10,9,6,8
747,1,4,5,2,3,9,7,10,6,8
748,1,4,2,10,8,9,3,5,6,7
749,1,4,8,9,2,3,5,10,7,6
750,4,8,1,9,2,3,5,10,6,7
751,1,4,5,2,3,6,7,10,9,8
752,1,2,9,8,10,5,3,4,6,7
753,8,4,1,9,2,10,3,5,6,7
754,1,4,2,7,10,3,6,5,9,8
755,1,4,2,3,5,9,10,8,7,6
756,1,4,2,3,10,9,5,7,8,6
757,1,4,2,3,5,9,10,7,8,6
758,1,4,5,3,2,7,6,9,10,8
759,1,4,2,8,9,3,10,5,7,6
760,1,4,2,7,5,3,10,9,6,8
761,4,1,5,2,3,9,8,6,7,10
762,1,4,2,3,5,9,8,10,7,6
763,1,4,2,5,7,3,10,9,6,8
764,1,2,8,9,4,10,3,5,6,7
765,1,9,10,5,4,2,6,3,7,8
766,1,4,2,3,10,5,9,7,8,6
767,1,4,5,6,2,3,7,9,8,10
768,1,5,4,2,7,3,6,9,10,8
769,1,4,2,5,3,7,10,9,6,8
770,1,4,2,3,10,9,8,7,5,6
771,1,4,2,3,10,8,9,5,7,6
772,1,4,2,5,3,9,10,7,6,8
773,1,4,6,2,5,3,7,10,9,8
774,1,4,2,10,3,8,9,7,5,6
775,1,4,2,5,3,7,10,9,6,8
776,1,4,2,9,5,3,10,6,8,7
777,1,2,4,5,3,7,6,10,9,8
778,1,4,5,3,7,2,6,9,10,8
779,8,4,1,9,2,10,6,3,5,7
780,8,4,1,9,2,3,5,10,6,7
781,1,4,7,2,6,3,10,5,9,8
782,1,4,5,2,3,9,7,10,6,8
783,1,2,4,9,8,10,5,3,6,7
784,1,2,4,8,10,9,3,6,5,7
785,1,4,2,3,10,9,5,8,7,6
786,1,5,4,2,3,6,7,10,9,8
787,1,4,2,5,3,10,7,9,6,8
788,4,1,2,3,5,10,9,7,8,6
789,1,5,4,9,2,10,3,6,8,7
790,1,2,4,3,8,10,9,5,6,7
791,1,4,2,3,5,9,10,8,7,6
792,8,4,9,1,2,10,3,5,6,7
793,1,4,5,2,3,9,7,10,6,8
794,1,4,2,3,10,5,9,7,8,6
795,1,4,2,9,3,10,5,7,8,6
796,8,4,9,1,2,10,5,3,6,7
797,8,4,1,9,6,10,2,3,5,7
798,1,6,10,4,7,5,2,3,9,8
799,4,1,2,8,3,5,9,10,6,7
800,1,4,2,7,3,5,10,9,6,8
801,1,4,2,5,7,3,6,10,9,8
802,1,4,5,2,3,7,10,9,6,8
803,1,2,4,3,10,7,5,9,6,8
804,1,4,5,2,3,7,9,10,6,8
805,1,4,5,3,7,2,6,10,9,8
806,1,2,4,9,10,3,8,5,6,7
807,1,4,8,2,9,10,3,5,7,6
808,1,2,4,9,10,3,8,5,7,6
809,4,1,5,2,3,7,9,6,8,10
810,1,4,9,3,2,5,7,8,10,6
811,1,4,5,7,3,2,6,9,10,8
812,4,1,5,6,3,2,7,9,8,10
813,1,4,2,7,3,10,9,5,6,8
814,1,4,2,3,5,10,9,8,7,6
815,1,7,2,4,3,6,5,10,9,8
816,1,4,2,10,3,9,8,7,5,6
817,1,4,2,3,7,5,10,9,8,6
818,4,1,2,8,9,3,5,10,7,6
819,1,4,2,9,8,10,3,5,7,6
820,1,4,5,3,7,2,6,9,10,8
821,4,1,5,3,9,2,8,6,10,7
822,4,1,5,2,3,9,8,10,6,7
823,1,4,2,5,7,3,10,9,6,8
824,1,4,5,2,3,7,6,10,9,8
825,1,8,9,4,5,6,3,10,7,2
826,8,4,1,9,10,6,5,2,3,7
827,1,4,5,6,3,2,10,7,9,8
828,1,4,2,9,3,8,10,5,7,6
829,1,4,2,10,9,3,7,5,8,6
830,1,4,2,5,3,10,7,6,9,8
831,4,1,5,8,2,9,3,7,6,10
832,4,8,1,9,2,10,3,6,5,7
833,1,4,2,3,10,5,9,7,8,6
834,1,4,9,2,8,5,3,10,7,6
835,1,4,5,2,3,9,10,6,7,8
836,1,4,10,2,8,9,3,7,6,5
837,1,4,2,5,3,7,9,10,6,8
838,1,4,2,3,5,7,9,10,6,8
839,1,4,2,3,10,7,5,9,6,8
840,1,4,2,7,6,5,3,10,9,8
841,1,4,2,3,10,9,5,8,7,6
842,4,1,8,2,9,3,5,10,7,6
843,1,4,2,9,3,5,10,8,7,6
844,1,4,2,8,3,9,10,5,7,6
845,4,1,8,9,2,3,10,5,7,6
846,4,1,8,2,10,9,3,6,5,7
847,1,4,2,7,5,3,10,6,9,8
848,1,4,10,7,6,2,9,5,3,8
849,4,1,5,9,3,8,6,2,10,7
850,1,5,4,2,3,7,6,10,9,8
851,4,1,2,8,3,5,9,10,7,6
852,4,1,5,8,9,2,3,10,6,7
853,1,4,5,2,10,3,6,7,9,8
854,1,4,2,7,3,5,10,6,9,8
855,4,1,5,3,6,2,8,9,10,7
856,8,4,9,1,2,10,3,5,6,7
857,1,4,2,3,5,7,10,9,8,6
858,1,4,5,6,9,8,3,10,2,7
859,1,4,5,2,3,7,6,9,10,8
860,1,2,4,3,10,5,9,7,6,8
861,8,9,4,1,2,10,3,5,6,7
862,8,4,9,6,1,5,2,3,10,7
863,1,4,2,5,3,7,10,9,6,8
864,1,4,2,10,3,7,9,5,8,6
865,1,4,2,3,5,9,10,7,8,6
866,1,4,2,5,3,7,9,10,8,6
867,1,4,5,3,6,2,9,7,10,8
868,1,4,5,2,3,9,7,6,10,8
869,4,1,5,2,3,9,6,10,7,8
870,1,4,2,10,3,9,8,5,7,6
871,1,4,9,2,10,5,3,7,8,6
872,1,4,2,8,9,3,10,5,6,7
873,1,4,2,3,5,9,10,8,7,6
874,4,1,9,8,5,3,2,10,6,7
875,1,5,4,2,9,7,3,10,6,8
876,1,2,4,10,3,9,5,8,6,7
877,1,4,2,5,3,7,10,9,6,8
878,1,4,8,2,9,10,3,5,7,6
879,8,4,9,1,10,2,3,5,6,7
880,4,1,6,2,10,3,5,9,8,7
881,1,5,2,4,3,7,6,10,9,8
882,8,4,1,9,2,10,3,5,6,7
883,1,4,7,2,3,6,10,5,9,8
884,1,4,7,5,2,3,9,10,6,8
885,1,4,2,3,10,9,5,8,7,6
886,1,4,5,2,3,7,9,10,6,8
887,1,2,4,10,7,3,5,6,9,8
888,4,1,5,3,6,2,7,8,9,10
889,4,1,8,2,9,3,10,5,7,6
890,1,4,2,5,3,7,6,9,10,8
891,1,4,5,3,2,9,6,7,10,8
892,1,2,4,7,5,10,3,9,6,8
893,1,4,6,5,7,3,2,10,9,8
894,1,4,5,2,3,7,9,10,6,8
895,1,4,7,2,3,5,6,10,9,8
896,1,4,7,5,6,3,2,10,9,8
897,1,4,7,5,2,3,6,10,9,8
898,1,2,5,4,3,9,10,7,6,8
899,1,4,2,5,6,3,7,10,9,8
900,1,2,7,4,3,5,10,9,6,8
901,1,4,5,6,3,7,2,8,9,10
902,1,4,2,5,3,7,10,9,6,8
903,1,4,2,5,3,7,9,6,10,8
904,1,4,2,3,10,7,8,9,5,6
905,4,1,5,3,2,6,9,7,10,8
906,1,4,2,5,7,6,3,10,9,8
907,1,4,2,3,9,10,5,8,7,6
908,1,2,4,7,10,3,5,9,6,8
909,8,9,1,4,10,2,6,3,5,7
910,4,1,2,3,5,10,9,7,8,6
911,1,2,4,9,10,5,3,8,7,6
912,1,8,9,4,10,5,2,6,3,7
913,1,4,2,5,3,6,10,7,9,8
914,4,1,8,2,9,10,3,5,7,6
915,1,2,4,5,3,7,10,9,6,8
916,1,4,2,8,9,10,3,5,7,6
917,4,1,9,8,5,10,6,2,3,7
918,1,4,5,2,3,9,7,10,6,8
919,1,2,4,5,7,3,10,9,6,8
920,1,4,2,5,9,3,10,7,8,6
921,1,4,3,2,5,6,10,7,9,8
922,1,4,2,7,3,5,10,9,6,8
923,1,5,4,2,7,6,3,10,9,8
924,8,9,4,10,1,2,3,6,5,7
925,4,1,2,3,8,10,9,5,6,7
926,4,1,2,8,3,9,10,5,6,7
927,1,2,7,4,3,5,10,6,9,8
928,1,4,5,2,3,7,6,9,10,8
929,1,4,2,5,3,7,9,10,6,8
930,1,4,5,6,3,9,8,2,10,7
931,1,4,5,3,2,9,7,6,10,8
932,8,4,1,9,2,10,3,5,7,6
933,6,1,4,5,9,8,2,10,3,7
934,4,1,2,3,8,5,6,10,9,7
935,1,4,2,3,10,9,7,5,8,6
936,1,4,2,7,3,5,10,6,9,8
937,1,4,5,6,9,3,2,10,7,8
938,1,2,4,7,5,3,10,9,6,8
939,1,4,2,5,9,3,7,10,6,8
940,4,8,1,9,2,10,3,6,5,7
941,4,1,2,8,9,3,10,5,6,7
942,1,4,2,5,3,7,9,10,6,8
943,4,1,5,8,9,2,3,6,10,7
944,1,4,5,7,3,2,6,9,10,8
945,1,4,2,7,3,5,6,10,9,8
946,1,4,7,2,3,5,6,10,9,8
947,1,4,2,3,5,9,8,10,7,6
948,1,4,2,5,3,9,10,7,6,8
949,1,4,5,3,2,7,6,10,9,8
950,1,2,4,3,10,9,7,5,8,6
951,1,4,2,5,9,10,3,7,8,6
952,4,1,8,2,10,9,3,5,6,7
953,8,4,1,9,2,10,3,6,5,7
954,8,1,10,9,2,4,6,3,5,7
955,1,4,2,3,9,5,10,8,7,6
956,4,1,8,2,3,9,5,10,6,7
957,1,4,6,2,5,3,7,10,8,9
958,1,4,2,5,7,3,9,10,6,8
959,1,2,4,5,7,3,9,10,6,8
960,1,4,2,7,5,3,10,6,9,8
961,1,4,2,3,5,7,10,9,6,8
962,1,4,2,7,5,3,10,9,6,8
963,1,4,5,2,9,3,8,7,10,6
964,1,4,2,3,5,7,9,10,6,8
965,1,2,4,3,10,5,7,9,8,6
966,1,4,2,3,5,9,7,10,8,6
967,6,1,4,10,9,5,2,3,8,7
968,1,4,2,5,3,7,10,6,9,8
969,1,4,2,5,3,7,6,10,9,8
970,8,4,9,1,10,2,3,5,6,7
971,1,4,2,5,3,7,10,9,6,8
972,1,4,2,10,8,3,9,5,6,7
973,1,4,2,9,3,8,10,5,7,6
974,8,4,1,9,2,10,3,5,6,7
975,1,4,5,9,2,10,8,3,7,6
976,1,2,4,10,3,7,9,5,8,6
977,4,8,1,9,2,5,3,10,6,7
978,4,1,8,9,2,10,3,5,6,7
979,1,4,2,3,5,8,9,10,7,6
980,6,1,4,10,2,3,7,5,8,9
981,1,4,2,5,3,7,9,10,6,8
982,1,4,2,5,3,7,10,9,6,8
983,1,4,7,2,6,5,10,3,9,8
984,1,4,5,8,3,9,2,6,10,7
985,1,7,4,2,3,5,6,10,9,8
986,4,1,5,9,8,3,10,6,2,7
987,1,4,6,5,9,10,2,3,7,8
988,1,6,5,4,8,9,3,10,2,7
989,1,4,5,7,3,2,6,9,8,10
990,1,4,2,5,3,7,10,9,6,8
991,1,2,4,3,10,5,9,7,6,8
992,1,2,4,3,10,5,7,9,8,6
993,4,1,2,3,9,5,10,8,7,6
994,8,9,4,1,10,2,3,6,5,7
995,8,4,1,9,2,10,3,5,6,7
996,1,4,2,5,7,3,10,9,6,8
997,1,4,2,7,3,5,6,10,9,8
998,1,4,2,10,8,9,3,5,7,6
999,1,4,7,2,3,5,10,9,6,8
1000,1,4,6,5,10,2,7,3,9,8
1001,1,4,5,2,7,3,6,10,9,8
1002,4,1,8,2,3,10,9,5,6,7
1003,4,8,1,2,3,9,10,5,6,7
1004,1,4,5,7,2,3,6,10,9,8
1005,1,2,4,3,5,7,10,9,6,8
1006,4,6,1,5,3,8,10,2,9,7
1007,1,4,2,3,9,5,8,10,7,6
1008,1,4,5,2,3,7,9,6,8,10
1009,1,8,4,9,10,5,2,3,6,7
1010,1,4,10,6,2,9,5,7,3,8
1011,1,2,4,3,10,7,5,9,8,6
1012,1,4,5,3,9,8,2,7,6,10
1013,1,4,6,10,2,7,3,5,9,8
1014,1,4,5,2,9,3,7,10,8,6
1015,1,5,4,9,3,2,10,8,6,7
1016,1,2,10,4,9,7,5,3,6,8
1017,1,4,5,2,3,7,9,10,6,8
1018,1,4,2,5,10,7,3,9,6,8
1019,4,1,8,2,9,10,5,3,7,6
1020,4,1,2,9,10,3,8,5,7,6
1021,1,2,4,3,10,5,9,7,8,6
1022,1,2,4,7,3,10,5,6,9,8
1023,1,4,8,9,5,10,6,2,3,7
1024,1,4,7,2,5,6,10,3,9,8
1025,1,2,9,10,4,5,3,8,7,6
1026,1,4,5,6,3,2,7,9,10,8
1027,1,4,5,2,3,6,7,9,10,8
1028,4,1,5,3,2,6,7,8,9,10
1029,1,4,2,5,7,3,10,9,6,8
1030,8,4,1,9,2,3,5,10,6,7
1031,1,5,2,4,3,7,6,9,10,8
1032,1,4,6,2,7,5,10,3,9,8
1033,4,1,2,8,3,10,9,5,7,6
1034,1,4,6,2,7,10,3,5,9,8
1035,8,4,9,1,10,2,3,5,6,7
1036,1,4,2,3,9,5,10,7,8,6
1037,4,1,5,2,3,7,6,10,9,8
1038,4,1,2,8,3,9,10,5,7,6
1039,6,1,9,4,5,10,8,2,3,7
1040,1,4,5,2,3,7,10,6,9,8
1041,1,4,2,7,3,5,10,6,9,8
1042,4,8,1,9,2,10,3,5,6,7
1043,8,10,1,4,9,2,6,3,5,7
1044,1,4,5,3,2,6,9,7,8,10
1045,1,4,5,2,6,7,3,8,10,9
1046,1,2,4,5,7,3,10,9,6,8
1047,4,8,1,10,2,9,3,6,5,7
1048,8,4,9,1,2,10,3,5,6,7
1049,4,1,5,6,3,8,2,9,7,10
1050,1,4,5,3,7,2,9,10,6,8
1051,1,4,2,5,3,7,10,9,6,8
1052,1,4,10,2,9,6,3,5,7,8
1053,1,4,10,6,2,9,3,7,5,8
1054,4,1,5,3,2,6,8,9,7,10
1055,4,8,1,9,2,10,3,5,6,7
1056,1,2,4,10,3,9,8,5,7,6
1057,1,2,4,3,10,5,9,7,6,8
1058,1,4,2,10,6,3,9,5,7,8
1059,1,4,2,5,7,3,10,9,6,8
1060,1,4,5,2,3,7,6,10,9,8
1061,1,4,5,2,3,7,9,10,8,6
1062,4,1,5,6,2,8,3,9,10,7
1063,4,1,8,2,9,10,3,5,7,6
1064,8,4,1,2,9,10,3,5,6,7
1065,8,4,1,9,2,3,5,10,6,7
1066,1,4,5,9,8,10,6,2,3,7
1067,1,4,5,6,2,3,9,7,10,8
1068,8,4,1,9,2,10,3,5,6,7
1069,1,4,2,3,10,9,8,7,5,6
1070,1,4,7,3,5,2,6,9,10,8
1071,1,7,4,2,3,5,10,6,9,8
1072,4,8,1,9,5,10,3,2,6,7
1073,1,4,5,6,2,3,7,10,9,8
1074,1,6,8,4,9,5,10,3,2,7
1075,1,4,2,3,10,5,9,8,7,6
1076,1,4,7,5,2,3,6,9,10,8
1077,1,4,2,10,9,3,8,5,7,6
1078,1,4,10,2,9,8,3,6,7,5
1079,1,4,2,5,3,7,10,6,9,8
1080,4,1,2,10,8,9,3,6,5,7
1081,1,2,4,10,3,9,7,5,8,6
1082,1,2,4,10,9,3,8,7,5,6
1083,1,9,5,2,4,10,8,3,6,7
1084,4,1,2,5,8,3,9,10,7,6
1085,1,4,5,2,3,7,6,10,9,8
1086,4,1,5,3,2,7,6,9,8,10
1087,1,4,2,5,3,7,9,10,6,8
1088,1,4,2,5,3,7,10,9,6,8
1089,1,4,2,3,9,5,10,7,8,6
1090,4,8,1,9,2,10,3,5,6,7
1091,4,1,5,2,3,7,6,9,8,10
1092,8,4,1,2,9,10,6,3,5,7
1093,1,5,4,2,10,7,6,9,3,8
1094,1,2,5,9,10,4,7,3,6,8
1095,6,1,4,5,3,2,10,7,9,8
1096,1,2,4,10,9,8,3,6,5,7
1097,1,4,2,5,3,9,10,7,6,8
1098,1,4,8,9,2,5,10,3,6,7
1099,1,4,2,6,5,10,7,3,9,8
1100,8,4,9,1,2,5,3,10,6,7
1101,1,4,7,5,2,3,6,10,9,8
1102,1,4,2,3,9,5,10,7,8,6
1103,4,1,5,3,6,9,2,8,10,7
1104,8,4,9,1,10,2,3,5,6,7
1105,1,4,5,3,6,2,7,9,10,8
1106,1,4,2,3,5,7,8,6,10,9
1107,1,4,8,9,10,2,3,5,6,7
1108,1,4,2,3,6,5,7,10,9,8
1109,1,4,6,2,7,3,5,10,9,8
1110,1,4,2,5,3,8,9,7,10,6
1111,4,1,5,8,9,6,2,3,10,7
1112,1,2,4,3,10,5,7,9,6,8
1113,1,4,2,7,3,5,10,9,6,8
1114,1,4,2,10,8,9,3,6,7,5
1115,4,1,5,2,3,6,8,7,9,10
1116,4,1,2,3,5,8,9,10,7,6
1117,1,7,2,4,3,5,10,6,9,8
1118,4,1,8,2,9,10,3,5,7,6
1119,4,1,2,3,8,9,5,10,7,6
1120,1,4,2,7,5,3,10,9,6,8
1121,1,4,5,2,3,9,7,10,8,6
1122,1,4,2,5,3,9,7,10,8,6
1123,1,6,4,10,2,7,3,9,8,5
1124,4,8,1,2,9,3,10,6,5,7
1125,1,4,2,3,5,9,10,7,6,8
1126,4,1,5,6,9,10,8,3,2,7
1127,1,4,7,2,5,3,9,10,6,8
1128,1,4,2,10,7,6,3,5,9,8
1129,8,9,10,1,2,4,6,3,5,7
1130,1,4,2,10,9,8,6,3,5,7
1131,1,9,4,8,5,10,6,2,3,7
1132,1,2,4,5,3,7,9,8,10,6
1133,4,1,8,2,9,10,3,5,7,6
1134,1,4,2,3,5,7,10,9,8,6
1135,1,4,5,2,6,3,7,10,8,9
1136,4,1,2,8,3,5,10,9,6,7
1137,8,4,1,9,2,10,3,5,6,7
1138,1,5,2,4,6,10,9,3,7,8
1139,4,1,8,2,9,3,10,5,7,6
1140,1,6,10,4,2,7,9,3,5,8
1141,1,2,4,5,10,7,3,6,9,8
1142,1,2,10,7,3,5,9,6,4,8
1143,1,4,2,5,3,7,10,6,9,8
1144,1,4,5,3,2,9,7,6,10,8
1145,1,4,2,5,3,7,9,10,6,8
1146,1,4,2,7,10,3,5,6,9,8
1147,1,4,2,9,8,10,3,5,7,6
1148,1,4,5,2,3,7,9,10,6,8
1149,1,4,2,10,9,8,3,5,7,6
1150,1,4,6,2,5,3,10,7,9,8
1151,1,4,2,6,10,3,7,5,9,8
1152,1,2,4,9,3,5,10,8,7,6
1153,1,4,6,10,2,7,3,5,9,8
1154,1,2,4,3,10,7,9,5,8,6
1155,1,4,2,3,5,10,9,7,8,6
1156,1,2,7,4,3,5,6,10,9,8
1157,1,4,2,5,3,7,10,6,9,8
1158,1,4,2,7,3,5,10,9,6,8
1159,1,4,2,3,7,5,6,10,9,8
1160,8,6,9,10,1,5,4,3,2,7
1161,1,4,2,6,7,3,5,10,9,8
1162,1,4,5,3,2,9,7,6,8,10
1163,4,1,5,6,3,2,7,10,9,8
1164,1,4,5,2,7,3,6,9,10,8
1165,4,1,5,2,3,6,7,8,10,9
1166,1,4,2,5,7,3,10,6,9,8
1167,1,2,4,3,10,5,7,9,8,6
1168,1,4,5,2,3,7,10,9,6,8
1169,1,4,2,5,3,7,10,9,6,8
1170,1,4,2,3,5,9,10,7,8,6
1171,1,4,6,5,7,3,2,10,9,8
1172,1,4,5,2,3,9,7,10,6,8
1173,8,4,9,10,1,2,6,3,5,7
1174,4,1,9,5,2,6,10,3,8,7
1175,1,4,2,5,3,9,7,10,8,6
1176,1,6,4,2,5,7,10,3,9,8
1177,1,4,2,9,3,5,8,10,7,6
1178,1,4,5,2,3,6,7,9,10,8
1179,4,1,8,5,9,2,3,6,10,7
1180,4,1,2,8,9,3,5,10,7,6
1181,1,2,5,7,4,3,6,10,9,8
1182,1,4,5,2,3,7,9,10,6,8
1183,1,8,9,4,2,10,3,5,6,7
1184,1,4,2,5,3,7,9,10,6,8
1185,1,4,5,9,3,2,8,10,7,6
1186,8,9,10,1,4,2,6,3,5,7
1187,1,4,5,3,6,2,8,9,7,10
1188,1,4,2,8,9,3,5,10,7,6
1189,1,4,5,2,3,6,7,10,9,8
1190,1,4,5,9,8,3,2,10,6,7
1191,1,2,4,9,3,10,5,7,8,6
1192,1,4,5,2,3,9,7,10,6,8
1193,1,6,5,4,2,3,7,9,10,8
1194,4,8,1,9,2,5,10,3,6,7
1195,1,4,2,5,3,6,7,10,9,8
1196,1,2,4,10,9,3,5,7,8,6
1197,1,4,8,2,9,3,5,10,7,6
1198,1,2,4,10,7,5,3,6,9,8
1199,1,4,8,2,9,10,3,5,7,6
1200,1,4,2,3,5,10,9,7,8,6
1201,1,4,5,2,3,7,9,10,6,8
1202,4,1,5,9,8,3,2,6,7,10
1203,1,4,2,3,5,7,10,6,9,8
1204,1,4,5,6,7,3,2,10,9,8
1205,4,1,5,3,8,2,9,6,10,7
1206,1,4,2,10,3,5,9,7,6,8
1207,1,4,2,7,10,3,6,5,9,8
1208,1,4,7,2,3,5,6,10,9,8
1209,1,2,4,7,5,3,10,9,6,8
1210,1,4,5,3,2,7,9,6,10,8
1211,1,4,5,6,7,3,2,10,9,8
1212,1,4,2,3,9,10,5,7,8,6
1213,1,4,7,5,3,2,6,10,9,8
1214,1,4,2,5,3,7,9,10,8,6
1215,1,4,2,3,5,9,7,10,8,6
1216,4,1,9,5,8,3,6,2,10,7
1217,1,2,4,5,3,7,10,9,6,8
1218,4,5,1,6,8,3,9,2,10,7
1219,1,2,4,9,10,3,5,7,8,6
1220,1,2,4,10,9,8,3,5,6,7
1221,1,4,9,5,10,8,6,2,7,3
1222,1,2,4,3,10,5,7,9,6,8
1223,4,8,1,9,2,10,3,5,7,6
1224,4,1,2,3,10,8,9,5,6,7
1225,1,4,2,3,9,5,10,7,8,6
1226,6,8,9,10,1,4,5,3,2,7
1227,1,4,5,2,3,6,7,10,9,8
1228,4,1,8,2,9,3,10,5,6,7
1229,1,4,2,3,10,8,9,5,7,6
1230,1,4,2,8,10,9,3,7,6,5
1231,1,4,6,10,9,2,8,3,5,7
1232,1,4,2,3,7,5,10,6,9,8
1233,1,4,2,3,7,5,10,9,6,8
1234,1,2,4,3,10,7,5,9,6,8
1235,1,2,4,10,3,9,8,5,7,6
1236,1,5,2,4,9,3,10,7,6,8
1237,1,4,5,2,3,9,10,7,6,8
1238,1,4,5,3,6,2,7,9,10,8
1239,1,4,2,5,3,7,10,6,9,8
1240,1,4,7,2,5,3,6,10,9,8
1241,1,4,2,3,5,9,10,7,8,6
1242,1,4,5,2,3,7,9,6,10,8
1243,1,4,5,6,7,10,3,2,9,8
1244,1,4,2,3,5,9,10,7,6,8
1245,8,4,1,9,2,10,3,5,6,7
1246,1,4,7,5,2,3,6,10,9,8
1247,1,4,2,8,3,9,10,5,7,6
1248,1,4,5,2,3,7,6,10,9,8
1249,8,4,9,10,1,2,6,3,5,7
1250,4,1,6,5,2,3,10,8,7,9
1251,8,4,9,1,2,5,10,3,6,7
1252,1,2,4,7,5,3,10,9,6,8
1253,8,9,4,1,10,2,3,5,6,7
1254,4,1,5,3,9,2,6,7,10,8
1255,1,4,5,2,3,7,10,9,6,8
1256,1,4,2,5,3,9,10,7,6,8
1257,1,4,2,3,10,9,5,7,8,6
1258,1,4,2,3,5,10,9,7,8,6
1259,1,4,5,7,3,2,9,10,6,8
1260,8,4,1,2,9,10,3,6,5,7
1261,4,1,5,3,2,6,7,9,10,8
1262,8,1,9,4,2,10,3,5,6,7
1263,1,4,2,5,3,7,10,9,6,8
1264,4,1,8,5,2,9,3,10,6,7
1265,1,4,2,5,3,7,9,10,6,8
1266,1,7,2,4,5,3,6,10,9,8
1267,4,1,5,6,3,8,2,9,7,10
1268,4,1,2,8,9,5,3,10,7,6
1269,1,4,2,5,3,7,10,9,6,8
1270,1,4,6,2,3,10,7,5,8,9
1271,1,4,2,3,10,9,5,7,8,6
1272,4,1,5,3,2,6,9,8,10,7
1273,1,4,5,2,6,3,9,8,7,10
1274,1,2,4,10,7,3,5,6,9,8
1275,1,2,7,4,5,3,10,9,6,8
1276,1,4,5,2,3,9,7,6,8,10
1277,4,1,2,8,3,9,10,5,7,6
1278,4,1,5,3,2,8,9,6,10,7
1279,1,4,2,3,5,10,9,7,8,6
1280,1,4,2,9,8,3,10,5,7,6
1281,1,4,5,3,2,6,7,9,10,8
1282,1,4,2,5,3,7,10,9,6,8
1283,4,1,2,8,3,9,10,5,7,6
1284,1,2,4,7,5,3,9,10,6,8
1285,1,4,2,5,7,10,3,9,6,8
1286,4,1,5,6,3,9,2,10,8,7
1287,1,4,2,5,3,7,10,6,9,8
1288,1,4,2,3,5,9,10,8,7,6
1289,1,4,7,2,10,3,5,6,9,8
1290,1,4,2,5,3,7,10,9,6,8
1291,1,4,6,5,7,3,2,10,9,8
1292,4,1,6,10,2,3,8,9,5,7
1293,4,1,5,6,3,2,9,10,7,8
1294,1,4,6,2,8,10,3,7,9,5
1295,1,4,2,5,7,3,10,6,9,8
1296,4,1,5,3,6,2,9,8,10,7
1297,4,1,5,3,6,2,7,8,9,10
1298,1,2,7,4,3,5,10,6,9,8
1299,1,4,5,9,2,3,10,6,8,7
1300,1,2,4,9,10,3,8,7,5,6
1301,1,4,9,5,2,10,3,7,8,6
1302,4,1,8,9,2,3,5,10,7,6
1303,1,6,4,5,10,7,2,3,9,8
1304,1,4,5,2,3,7,9,10,6,8
1305,1,2,4,7,5,3,10,6,9,8
1306,1,4,3,5,2,7,6,9,8,10
1307,4,1,8,9,3,2,10,5,6,7
1308,8,1,4,10,2,9,3,6,5,7
1309,1,4,2,5,7,3,10,9,6,8
1310,4,1,5,9,2,3,8,10,7,6
1311,1,2,4,9,5,3,10,8,7,6
1312,1,4,2,3,9,8,10,5,7,6
1313,1,4,2,7,6,10,3,5,9,8
1314,8,4,9,1,2,10,3,5,6,7
1315,1,4,5,2,6,3,7,10,9,8
1316,1,4,5,2,3,7,9,6,10,8
1317,1,4,9,2,5,10,3,7,8,6
1318,8,4,1,9,2,10,3,5,6,7
1319,1,4,2,5,3,7,9,10,6,8
1320,4,1,5,3,2,9,8,10,7,6
1321,1,4,2,3,9,7,10,8,5,6
1322,1,4,2,3,9,5,8,10,7,6
1323,8,4,1,9,2,10,3,5,6,7
1324,1,4,2,5,3,7,10,9,6,8
1325,1,4,5,2,3,7,9,10,8,6
1326,1,4,9,8,10,2,3,5,6,7
1327,4,1,2,8,10,9,3,5,6,7
1328,1,4,7,2,3,6,5,10,9,8
1329,8,1,9,10,2,4,3,6,5,7
1330,1,4,2,3,10,9,5,8,7,6
1331,1,4,2,9,3,10,5,8,7,6
1332,1,4,7,5,6,3,2,10,9,8
1333,1,4,5,2,3,7,10,9,6,8
1334,1,4,2,10,3,9,5,7,8,6
1335,1,10,2,4,9,6,5,3,7,8
1336,4,1,8,2,5,3,6,9,10,7
1337,4,1,8,2,3,5,9,6,10,7
1338,4,1,8,2,10,9,3,6,5,7
1339,4,1,8,2,3,5,10,9,6,7
1340,1,4,2,8,3,9,10,5,7,6
1341,1,2,4,5,3,7,10,6,9,8
1342,1,4,5,3,7,2,6,9,10,8
1343,1,4,2,9,3,10,8,5,7,6
1344,1,4,2,7,3,5,10,9,6,8
1345,1,4,2,10,3,9,8,7,5,6
1346,9,1,8,4,10,6,2,5,3,7
1347,1,4,2,7,3,5,10,9,6,8
1348,8,1,9,10,2,4,3,6,5,7
1349,4,1,5,3,2,6,9,8,10,7
1350,1,4,2,5,3,7,6,10,9,8
1351,1,4,2,5,3,7,10,9,6,8
1352,4,8,1,10,2,9,3,6,5,7
1353,1,4,8,2,9,10,3,5,7,6
1354,1,4,2,5,7,3,6,10,9,8
1355,1,4,2,8,9,3,5,10,6,7
1356,1,4,2,5,7,3,10,6,9,8
1357,1,4,6,5,2,10,7,3,9,8
1358,1,4,2,3,9,5,10,8,7,6
1359,8,9,6,10,1,4,5,3,2,7
1360,9,8,1,4,10,5,6,3,2,7
1361,4,1,6,5,7,3,2,10,9,8
1362,4,1,8,9,2,10,3,5,7,6
1363,1,4,5,3,2,7,6,10,9,8
1364,4,1,8,2,9,3,5,10,6,7
1365,1,4,5,2,3,9,7,10,6,8
1366,4,1,5,3,9,2,7,10,8,6
1367,1,4,2,3,10,9,5,7,8,6
1368,1,4,2,7,5,3,10,9,6,8
1369,1,4,2,3,5,7,9,10,6,8
1370,1,2,4,3,10,7,9,5,6,8
1371,1,4,5,2,3,7,6,9,10,8
1372,1,2,4,10,9,8,3,5,6,7
1373,1,4,5,3,2,6,7,10,9,8
1374,1,4,2,5,3,7,10,9,6,8
1375,1,4,2,3,5,9,8,10,7,6
1376,1,4,5,2,3,7,6,9,10,8
1377,1,2,4,3,7,10,5,9,6,8
1378,1,4,2,7,6,5,3,10,9,8
1379,1,4,2,7,5,10,3,9,6,8
1380,1,4,2,3,5,9,10,7,8,6
1381,1,4,2,5,3,7,9,10,6,8
1382,1,2,4,7,3,5,10,9,6,8
1383,1,6,4,5,10,9,7,2,3,8
1384,1,4,6,7,5,2,10,3,9,8
1385,1,4,5,9,8,3,2,10,7,6
1386,1,4,5,2,3,7,10,6,9,8
1387,1,4,6,2,3,10,7,5,9,8
1388,1,4,2,3,5,10,7,9,6,8
1389,1,2,4,10,3,9,7,5,8,6
1390,1,4,6,2,7,3,5,10,9,8
1391,1,4,8,9,5,10,3,6,2,7
1392,1,8,4,9,10,2,6,5,3,7
1393,1,2,4,3,9,5,10,7,8,6
1394,1,4,2,6,5,3,7,10,9,8
1395,4,1,8,2,10,9,3,6,5,7
1396,1,4,7,5,2,3,9,10,6,8
1397,1,4,2,3,10,9,8,5,7,6
1398,1,4,6,7,2,5,10,3,9,8
1399,1,4,2,10,9,8,3,5,7,6
1400,1,4,2,5,3,7,10,6,9,8
1401,1,4,5,7,3,2,6,9,10,8
1402,4,1,5,6,9,2,3,10,8,7
1403,1,4,2,8,3,9,5,10,7,6
1404,8,4,9,1,10,2,3,5,6,7
1405,1,8,4,9,2,10,3,5,7,6
1406,1,4,2,5,3,7,9,10,6,8
1407,1,4,2,7,5,3,10,9,6,8
1408,1,9,2,4,10,5,8,6,3,7
1409,1,2,4,5,7,3,10,9,6,8
1410,4,1,5,3,2,9,8,6,10,7
1411,1,4,2,7,3,5,10,9,6,8
1412,1,4,2,7,6,10,5,3,9,8
1413,1,2,4,10,3,5,9,7,6,8
1414,8,4,1,9,2,10,3,5,6,7
1415,8,4,1,9,2,3,5,10,6,7
1416,8,4,9,1,10,2,3,5,6,7
1417,4,8,1,9,2,10,3,5,6,7
1418,1,4,2,7,5,3,6,10,9,8
1419,1,4,6,5,10,3,2,9,8,7
1420,1,4,2,5,7,3,10,9,6,8
1421,1,4,10,9,8,6,2,3,5,7
1422,1,4,5,3,2,7,6,9,10,8
1423,1,4,5,6,9,10,2,3,8,7
1424,4,1,8,9,2,3,5,10,6,7
1425,1,4,2,5,7,3,6,10,9,8
1426,1,6,8,10,9,4,5,3,2,7
1427,8,4,1,9,2,5,3,10,6,7
1428,1,2,4,10,9,3,5,6,8,7
1429,1,4,7,2,5,3,10,6,9,8
1430,1,7,4,2,6,3,5,10,9,8
1431,1,4,2,3,10,7,5,9,6,8
1432,1,4,2,10,9,3,8,5,7,6
1433,1,4,2,5,3,7,6,9,10,8
1434,1,4,2,7,3,5,10,6,9,8
1435,4,1,6,5,3,2,7,9,10,8
1436,1,7,4,3,2,5,6,10,9,8
1437,1,4,5,2,7,3,10,9,6,8
1438,1,4,5,2,3,7,6,10,9,8
1439,4,1,5,2,3,6,9,7,8,10
1440,1,4,2,5,3,7,6,10,9,8
1441,1,4,7,2,3,5,6,10,9,8
1442,1,4,5,2,7,6,3,10,9,8
1443,8,9,10,4,1,2,6,3,5,7
1444,4,8,1,2,9,10,3,5,6,7
1445,1,4,6,8,5,10,2,9,3,7
1446,8,9,1,4,10,5,2,3,6,7
1447,1,4,7,2,3,5,6,10,9,8
1448,1,4,6,5,2,3,7,10,9,8
1449,1,4,2,10,6,9,8,5,3,7
1450,1,4,2,6,3,10,5,9,7,8
1451,1,4,2,7,3,5,10,6,9,8
1452,1,4,7,5,2,3,6,10,9,8
1453,1,4,5,2,3,7,9,10,6,8
1454,1,4,2,5,7,3,10,9,6,8
1455,1,4,2,5,3,10,7,9,6,8
1456,4,1,5,3,6,9,2,8,10,7
1457,4,8,1,9,2,10,3,5,6,7
1458,1,4,8,9,2,10,3,5,7,6
1459,1,4,5,7,3,6,2,10,9,8
1460,1,4,2,5,3,7,10,6,9,8
1461,1,4,2,8,9,10,3,5,7,6
1462,1,4,2,7,10,3,6,5,9,8
1463,1,4,9,5,10,6,8,2,3,7
1464,1,4,5,3,2,9,8,10,6,7
1465,1,2,4,8,10,9,3,5,6,7
1466,1,9,4,8,10,5,2,3,6,7
1467,6,1,4,5,2,3,10,7,8,9
1468,1,4,2,7,3,10,5,6,9,8
1469,1,4,5,2,3,9,7,6,10,8
1470,1,4,2,3,7,5,10,6,9,8
1471,1,4,8,6,5,2,9,10,3,7
1472,1,4,5,2,3,7,6,9,10,8
1473,4,1,5,2,3,7,9,6,10,8
1474,1,4,10,6,2,5,7,9,3,8
1475,4,1,2,3,8,5,9,10,7,6
1476,1,2,4,7,10,5,3,6,9,8
1477,4,1,2,8,10,3,9,5,6,7
1478,1,4,3,2,7,5,6,10,9,8
1479,1,5,4,3,9,2,6,7,10,8
1480,1,4,2,7,5,3,10,9,6,8
1481,1,4,5,2,7,3,9,6,10,8
1482,1,4,2,5,3,7,10,9,6,8
1483,1,4,2,5,3,7,9,10,6,8
1484,1,4,5,2,3,7,9,6,10,8
1485,4,8,1,6,9,10,2,5,3,7
1486,1,2,4,10,9,3,8,5,7,6
1487,1,4,5,2,6,3,7,10,9,8
1488,1,4,2,7,6,10,5,3,9,8
1489,4,8,1,2,5,9,3,6,10,7
1490,4,1,5,3,6,2,7,10,9,8
1491,1,4,2,7,5,10,3,9,6,8
1492,1,4,2,5,7,3,6,10,9,8
1493,4,1,5,8,9,2,3,6,10,7
1494,1,4,5,6,3,2,7,10,9,8
1495,1,2,4,10,7,3,6,5,9,8
1496,1,4,2,10,3,9,8,5,7,6
1497,1,2,4,10,5,7,3,6,9,8
1498,4,1,5,9,3,8,6,2,10,7
1499,4,1,5,3,9,2,6,8,10,7
1500,4,1,5,2,3,9,6,10,7,8
1501,1,10,2,4,9,3,6,7,5,8
1502,6,1,8,4,5,9,10,2,3,7
1503,4,1,8,9,2,5,3,10,6,7
1504,1,4,2,5,3,9,7,10,6,8
1505,1,4,5,2,3,7,9,6,10,8
1506,4,1,2,3,8,9,5,10,7,6
1507,4,1,2,3,8,5,9,10,6,7
1508,1,2,4,3,10,5,9,7,8,6
1509,1,4,2,5,9,3,7,10,8,6
1510,1,4,2,3,8,9,10,5,7,6
1511,8,9,1,4,10,2,3,6,5,7
1512,1,4,9,5,2,8,3,10,7,6
1513,1,4,5,2,3,7,9,10,6,8
1514,1,4,5,2,7,3,6,10,9,8
1515,1,4,2,3,5,7,10,6,9,8
1516,1,10,9,6,4,8,2,3,5,7
1517,4,1,9,10,2,8,3,5,6,7
1518,1,4,2,3,10,9,7,5,8,6
1519,1,4,2,3,5,7,10,9,6,8
1520,4,1,5,3,2,9,6,7,8,10
1521,8,4,1,2,9,5,3,10,6,7
1522,1,4,2,5,10,9,7,3,6,8
1523,4,1,8,2,9,10,3,5,6,7
1524,1,4,5,7,6,3,2,8,9,10
1525,4,1,5,3,2,6,7,8,10,9
1526,1,4,7,2,3,5,6,10,9,8
1527,1,5,2,4,3,6,7,10,9,8
1528,1,4,5,7,3,2,6,9,10,8
1529,1,4,2,3,5,9,10,8,7,6
1530,4,1,5,3,2,9,10,6,7,8
1531,4,1,2,10,3,9,5,8,7,6
1532,1,4,2,9,8,10,3,5,7,6
1533,1,4,7,6,2,10,3,5,9,8
1534,1,4,5,3,6,2,7,9,10,8
1535,1,4,2,9,10,5,6,3,8,7
1536,1,4,6,5,7,3,10,2,9,8
1537,8,9,4,1,2,10,3,5,6,7
1538,1,4,7,2,3,5,10,6,9,8
1539,1,4,5,2,3,7,6,10,9,8
1540,1,4,2,3,5,10,9,8,7,6
1541,1,4,2,3,7,5,10,6,9,8
1542,4,1,8,2,10,3,9,6,5,7
1543,1,4,2,8,9,3,5,10,7,6
1544,1,4,5,3,2,9,7,8,10,6
1545,4,8,1,9,2,10,3,5,6,7
1546,1,4,2,5,3,9,10,6,7,8
1547,4,1,2,5,8,3,9,10,7,6
1548,4,1,5,6,2,3,9,10,8,7
1549,1,4,6,2,7,3,10,5,9,8
1550,1,4,2,7,3,5,10,9,6,8
1551,1,4,2,3,9,10,5,7,8,6
1552,4,1,2,8,9,3,10,5,7,6
1553,8,4,9,1,2,3,5,10,6,7
1554,6,1,10,4,9,5,8,3,2,7
1555,1,4,2,5,3,7,9,10,6,8
1556,8,4,1,9,2,10,3,6,5,7
1557,8,9,4,1,10,2,3,5,6,7
1558,1,4,2,9,8,5,3,10,7,6
1559,1,4,5,2,3,7,6,10,9,8
1560,1,4,5,2,3,7,9,10,6,8
1561,1,4,5,2,7,3,6,10,9,8
1562,1,4,8,2,6,5,3,10,7,9
1563,1,6,10,9,2,3,4,5,8,7
1564,1,4,8,9,10,6,5,2,3,7
1565,1,4,2,10,3,8,9,7,5,6
1566,1,4,3,2,5,9,8,10,6,7
1567,1,4,8,2,10,3,9,6,7,5
1568,1,4,5,3,2,7,9,6,10,8
1569,1,4,5,2,3,7,6,9,10,8
1570,1,4,2,5,3,7,10,6,9,8
1571,1,4,5,9,3,6,2,8,10,7
1572,1,2,4,5,3,7,10,9,6,8
1573,1,4,2,5,3,7,10,9,6,8
1574,1,4,2,8,3,9,10,5,7,6
1575,8,4,9,1,2,10,3,5,6,7
1576,1,4,2,3,7,5,10,9,6,8
1577,9,8,4,1,5,6,10,2,3,7
1578,1,4,9,5,2,8,3,10,7,6
1579,1,4,2,8,9,3,10,5,7,6
1580,1,4,2,7,3,5,6,10,9,8
1581,1,4,2,3,5,9,8,10,7,6
1582,4,1,2,9,8,5,3,10,7,6
1583,1,2,4,10,3,9,5,7,8,6
1584,1,4,2,5,7,3,6,10,9,8
1585,1,4,7,2,5,3,10,9,6,8
1586,1,4,5,2,6,3,10,7,9,8
1587,1,4,9,10,5,2,8,3,7,6
1588,6,8,9,1,10,4,2,3,5,7
1589,4,1,5,3,2,6,9,7,8,10
1590,1,4,2,6,7,3,5,10,9,8
1591,1,4,5,2,3,7,10,9,6,8
1592,1,4,2,3,5,9,10,7,8,6
1593,8,4,9,1,2,5,10,3,6,7
1594,1,4,8,5,9,3,2,6,10,7
1595,4,1,2,3,8,9,5,10,7,6
1596,4,1,5,9,8,6,3,10,7,2
1597,4,1,5,9,6,8,10,3,2,7
1598,1,4,2,5,3,7,10,9,6,8
1599,4,1,5,9,8,3,6,2,10,7
1600,1,4,2,3,7,5,6,10,9,8
1601,1,4,2,5,3,7,10,9,6,8
1602,4,1,8,2,3,9,10,5,7,6
1603,1,4,2,7,5,3,10,9,6,8
1604,1,4,2,7,3,5,10,6,9,8
1605,6,1,4,9,5,10,2,3,8,7
1606,8,4,5,6,1,9,10,2,3,7
1607,4,1,8,2,10,3,9,6,5,7
1608,1,4,5,3,2,9,7,10,8,6
1609,1,2,7,4,5,3,10,9,6,8
1610,1,4,5,7,2,3,9,10,6,8
1611,1,2,4,3,10,7,5,9,8,6
1612,1,2,10,4,9,3,5,6,7,8
1613,4,1,5,2,3,9,10,7,6,8
1614,1,4,2,10,9,3,8,5,7,6
1615,4,1,8,2,3,9,10,5,6,7
1616,1,4,2,3,5,9,7,10,8,6
1617,4,5,1,6,9,10,8,3,2,7
1618,1,10,2,9,6,3,4,7,8,5
1619,1,4,9,8,2,3,5,10,7,6
1620,8,4,1,9,2,10,3,5,6,7
1621,4,1,2,5,3,9,7,10,6,8
1622,1,2,10,7,5,4,3,9,6,8
1623,1,4,2,5,3,7,10,9,6,8
1624,1,4,2,7,3,5,10,9,6,8
1625,4,1,8,9,10,5,3,2,6,7
1626,8,9,4,10,1,2,6,3,5,7
1627,6,8,9,4,10,1,5,3,2,7
1628,1,4,2,5,3,7,10,6,9,8
1629,1,4,5,3,2,7,9,6,10,8
1630,4,1,5,3,2,6,9,7,10,8
1631,4,1,5,9,3,2,8,6,10,7
1632,1,2,9,10,4,3,8,5,7,6
1633,1,4,9,2,10,8,5,3,7,6
1634,1,4,2,9,3,8,5,10,7,6
1635,8,9,4,1,2,10,3,5,6,7
1636,1,4,2,8,9,10,3,5,7,6
1637,1,4,2,5,3,7,10,9,6,8
1638,8,9,4,6,10,1,2,5,3,7
1639,4,1,8,9,5,3,2,10,6,7
1640,4,1,5,8,3,9,2,10,6,7
1641,1,4,5,2,3,7,6,10,9,8
1642,1,4,5,3,2,7,9,6,10,8
1643,1,4,5,2,3,9,7,10,8,6
1644,4,1,8,9,2,10,3,5,6,7
1645,1,4,2,3,5,7,9,10,8,6
1646,1,2,4,7,3,5,10,6,9,8
1647,4,1,5,9,3,2,8,7,10,6
1648,4,1,2,9,3,10,8,5,7,6
1649,1,4,5,2,3,6,7,10,9,8
1650,1,4,5,2,3,7,6,9,10,8
1651,1,4,5,3,2,9,8,10,6,7
1652,1,2,4,7,5,3,10,6,9,8
1653,4,8,1,5,2,9,3,10,6,7
1654,1,4,6,7,2,5,3,10,8,9
1655,4,1,2,8,3,5,9,10,7,6
1656,1,4,8,9,10,2,5,3,7,6
1657,1,4,5,2,3,7,9,10,6,8
1658,1,4,10,2,6,9,3,7,8,5
1659,1,2,4,3,8,7,5,10,9,6
1660,1,4,2,5,3,7,10,6,9,8
1661,1,4,2,3,5,9,10,8,7,6
1662,1,2,8,4,9,10,3,5,7,6
1663,1,4,7,2,3,5,6,10,9,8
1664,1,4,2,8,10,3,9,5,7,6
1665,1,6,4,10,2,3,7,8,9,5
1666,1,4,2,10,5,7,9,6,3,8
1667,1,2,4,5,7,3,10,9,8,6
1668,1,4,2,3,10,8,9,7,5,6
1669,1,5,4,2,7,3,6,10,9,8
1670,1,4,2,10,3,9,8,7,5,6
1671,1,4,8,2,10,9,3,6,5,7
1672,1,4,9,8,5,10,2,3,6,7
1673,1,2,4,3,10,5,7,9,8,6
1674,1,4,2,5,3,7,10,6,9,8
1675,4,8,1,9,2,5,3,10,6,7
1676,4,1,2,3,5,7,6,8,9,10
1677,4,1,8,2,5,3,9,6,10,7
1678,1,4,5,9,2,3,6,10,8,7
1679,1,4,2,10,3,9,8,7,5,6
1680,1,4,2,5,7,10,3,6,9,8
1681,1,2,4,5,7,3,10,9,6,8
1682,1,4,2,3,8,10,9,5,7,6
1683,1,4,2,3,5,7,6,10,9,8
1684,1,4,2,7,5,3,10,6,9,8
1685,1,4,2,7,3,5,10,6,9,8
1686,1,2,4,10,3,9,7,5,8,6
1687,1,4,5,2,3,7,9,8,6,10
1688,1,2,4,5,7,3,10,9,6,8
1689,1,4,2,7,3,5,6,10,9,8
1690,1,4,5,6,2,3,7,10,9,8
1691,1,4,5,2,3,9,10,7,6,8
1692,1,4,2,3,5,8,7,10,9,6
1693,1,4,2,5,3,7,10,9,6,8
1694,1,4,2,5,7,3,9,10,6,8
1695,4,1,2,8,10,9,3,6,5,7
1696,1,5,2,4,7,3,6,10,9,8
1697,1,4,2,3,5,9,8,10,7,6
1698,8,4,1,9,2,10,3,5,6,7
1699,1,4,2,5,3,7,10,9,6,8
1700,1,4,5,2,3,9,6,7,10,8
1701,4,8,1,9,2,5,3,10,6,7
1702,4,1,8,9,2,10,3,5,7,6
1703,6,1,10,9,2,4,3,5,8,7
1704,1,4,2,3,10,9,5,7,8,6
1705,1,2,4,3,5,8,10,9,7,6
1706,1,4,5,2,3,7,6,10,9,8
1707,1,4,2,5,3,7,10,6,9,8
1708,1,4,2,10,8,9,3,7,5,6
1709,1,2,4,5,7,10,9,3,6,8
1710,1,4,2,5,3,9,10,7,6,8
1711,8,4,9,1,2,10,5,3,6,7
1712,1,4,2,3,9,10,5,8,7,6
1713,1,4,6,5,3,2,7,10,9,8
1714,1,9,4,8,5,10,6,2,3,7
1715,1,4,5,2,3,7,9,6,8,10
1716,4,8,1,9,2,10,3,5,6,7
1717,1,4,2,5,3,7,10,6,9,8
1718,1,4,2,3,9,5,10,7,8,6
1719,1,2,4,10,3,9,5,8,7,6
1720,1,2,4,3,9,10,7,5,8,6
1721,1,4,2,7,10,3,5,6,9,8
1722,1,4,5,2,7,3,10,6,9,8
1723,1,4,2,5,3,7,9,10,6,8
1724,1,8,4,2,10,9,3,5,7,6
1725,1,4,2,10,6,3,8,7,9,5
1726,1,4,2,8,10,9,3,6,7,5
1727,1,4,7,2,5,3,6,10,9,8
1728,4,8,1,9,2,10,3,5,6,7
1729,9,8,4,1,10,2,6,5,3,7
1730,1,4,2,10,9,8,3,5,6,7
1731,1,4,5,8,6,9,3,2,10,7
1732,4,1,5,3,2,6,9,7,10,8
1733,1,2,7,10,4,3,5,6,9,8
1734,1,4,8,9,2,3,5,10,7,6
1735,1,2,4,5,7,3,10,9,6,8
1736,1,4,2,5,7,10,9,3,6,8
1737,1,4,2,3,10,5,9,7,8,6
1738,1,4,2,7,10,3,6,5,9,8
1739,1,4,2,3,10,9,8,7,5,6
1740,1,4,2,5,3,9,10,7,6,8
1741,1,4,2,9,10,8,3,5,7,6
1742,4,1,8,2,9,3,10,5,6,7
1743,1,4,9,8,5,2,3,10,7,6
1744,1,4,2,7,3,5,10,9,6,8
1745,8,4,9,1,10,2,3,6,5,7
1746,1,8,2,4,10,9,3,6,7,5
1747,1,4,5,6,7,2,3,10,9,8
1748,4,1,8,9,2,10,3,5,7,6
1749,1,2,4,10,3,9,5,7,8,6
1750,1,4,5,9,3,2,8,10,6,7
1751,1,4,7,5,2,3,6,9,10,8
1752,1,4,8,9,10,5,2,3,6,7
1753,1,5,4,2,3,7,9,6,10,8
1754,1,4,5,9,2,3,7,8,10,6
1755,6,1,10,5,8,4,9,3,2,7
1756,1,4,2,3,7,5,6,10,9,8
1757,4,1,8,2,9,3,5,10,6,7
1758,8,4,1,9,5,3,10,2,6,7
1759,1,4,5,2,3,9,7,10,6,8
1760,8,9,4,6,5,1,10,3,2,7
1761,1,4,6,5,7,2,3,10,9,8
1762,1,7,2,10,3,4,5,6,9,8
1763,1,4,5,2,3,7,9,10,6,8
1764,1,4,2,7,5,3,10,6,9,8
1765,8,9,4,10,1,2,3,6,5,7
1766,4,1,2,8,3,9,5,10,7,6
1767,1,2,4,3,6,10,5,7,9,8
1768,4,1,5,3,6,9,2,8,10,7
1769,4,1,2,8,9,3,10,5,7,6
1770,1,4,5,2,3,9,7,10,6,8
1771,8,4,1,9,10,2,3,6,5,7
1772,4,1,5,6,9,3,2,7,10,8
1773,4,1,8,2,9,10,3,5,6,7
1774,8,9,4,1,5,6,2,3,10,7
1775,1,4,7,2,5,3,10,6,9,8
1776,1,4,2,8,9,10,3,5,7,6
1777,1,4,7,2,3,5,6,10,9,8
1778,1,5,2,4,10,7,3,9,6,8
1779,1,4,2,3,5,10,9,7,8,6
1780,1,4,7,5,3,2,6,10,9,8
1781,1,4,8,9,5,3,2,10,6,7
1782,1,4,5,6,3,2,7,10,9,8
1783,1,4,5,2,3,9,7,10,6,8
1784,1,2,10,9,4,5,3,7,6,8
1785,8,9,4,1,10,2,5,3,6,7
1786,6,8,1,4,5,9,10,3,2,7
1787,8,4,9,1,2,10,5,3,6,7
1788,1,4,2,5,3,7,10,9,6,8
1789,8,10,9,1,4,2,6,3,5,7
1790,1,4,2,5,3,7,6,9,8,10
1791,1,2,4,5,3,7,6,10,9,8
1792,1,4,8,5,2,3,9,7,6,10
1793,1,4,9,5,2,3,7,8,10,6
1794,1,4,5,2,3,7,9,10,6,8
1795,1,4,9,2,5,3,8,10,7,6
1796,1,2,4,3,5,10,9,7,8,6
1797,1,4,2,3,10,9,7,5,8,6
1798,1,2,4,5,7,3,10,6,9,8
1799,1,4,2,7,3,5,6,10,9,8
1800,1,4,2,10,3,9,7,5,8,6
1801,1,4,6,5,3,2,9,7,10,8
1802,1,4,7,2,3,5,6,10,9,8
1803,1,4,5,2,3,8,7,9,6,10
1804,8,1,4,9,10,2,3,5,6,7
1805,1,4,2,5,7,3,10,9,6,8
1806,1,4,2,3,7,5,9,10,6,8
1807,8,4,9,1,2,10,5,3,6,7
1808,1,2,10,5,4,7,3,6,9,8
1809,4,1,2,6,3,5,8,10,9,7
1810,1,4,5,3,7,2,6,9,10,8
1811,1,4,2,3,5,7,10,9,6,8
1812,1,4,2,3,5,9,10,8,7,6
1813,1,4,2,5,7,3,10,9,6,8
1814,4,1,6,3,2,8,5,10,9,7
1815,1,4,2,7,9,10,3,5,8,6
1816,8,9,4,10,1,2,3,6,5,7
1817,1,4,2,3,7,5,6,10,9,8
1818,4,1,5,9,8,3,2,10,6,7
1819,1,4,5,6,7,2,10,3,9,8
1820,1,4,5,3,2,7,9,6,10,8
1821,8,4,1,2,9,10,3,5,6,7
1822,4,1,2,3,9,8,10,5,7,6
1823,1,4,2,3,5,7,9,10,6,8
1824,4,1,9,5,2,8,3,10,6,7
1825,1,4,5,2,6,3,10,7,9,8
1826,1,4,5,3,2,7,9,10,6,8
1827,1,4,2,5,3,7,10,9,6,8
1828,1,4,2,8,3,9,5,10,7,6
1829,4,1,5,2,3,9,10,7,6,8
1830,4,1,5,9,2,8,3,10,7,6
1831,1,4,5,6,3,2,9,8,7,10
1832,1,4,5,2,7,10,3,9,6,8
1833,1,9,2,4,10,8,3,5,7,6
1834,1,4,2,6,10,5,3,7,9,8
1835,1,4,2,3,10,7,9,8,5,6
1836,4,1,5,8,3,9,2,6,7,10
1837,8,9,1,4,2,10,5,3,6,7
1838,4,8,1,9,10,2,5,3,6,7
1839,1,4,2,5,3,7,9,10,6,8
1840,1,5,4,9,2,3,8,7,6,10
1841,1,4,2,5,7,3,9,10,6,8
1842,1,4,8,9,5,3,2,10,7,6
1843,1,8,4,9,10,2,3,6,5,7
1844,1,2,4,10,3,9,7,8,6,5
1845,1,2,4,9,10,3,5,8,6,7
1846,1,4,2,8,9,10,3,5,7,6
1847,4,1,9,5,8,10,3,2,6,7
1848,1,5,2,6,3,4,10,9,7,8
1849,4,1,2,3,10,5,9,6,8,7
1850,1,2,10,9,8,4,3,6,5,7
1851,1,4,5,2,3,7,9,10,6,8
1852,1,2,4,3,9,8,10,5,7,6
1853,9,8,1,4,2,10,3,5,6,7
1854,4,1,5,2,3,9,8,7,6,10
1855,4,1,5,2,3,7,9,6,10,8
1856,1,4,6,7,2,3,10,5,9,8
1857,4,1,8,2,9,3,10,5,6,7
1858,1,4,2,5,3,7,10,9,6,8
1859,1,4,5,7,2,3,9,10,6,8
1860,4,1,2,3,8,10,5,9,6,7
1861,1,4,2,3,5,7,10,9,6,8
1862,1,2,4,9,10,3,5,8,7,6
1863,1,4,8,9,10,2,3,5,6,7
1864,1,4,2,6,5,3,7,10,8,9
1865,1,4,2,9,3,10,5,8,7,6
1866,1,5,2,4,9,3,10,7,6,8
1867,8,4,1,9,2,10,3,5,6,7
1868,1,4,5,2,3,7,9,6,10,8
1869,1,4,2,3,7,5,10,9,6,8
1870,1,4,2,3,5,6,7,10,9,8
1871,1,4,5,2,7,3,6,10,9,8
1872,1,2,4,3,9,5,10,7,8,6
1873,1,4,2,3,10,9,8,5,7,6
1874,1,4,5,2,3,7,9,10,6,8
1875,1,8,4,9,10,2,3,5,6,7
1876,1,6,2,10,5,7,4,3,9,8
1877,8,4,9,1,10,2,3,5,6,7
1878,1,4,2,10,9,3,5,8,7,6
1879,1,4,2,6,3,7,5,10,9,8
1880,1,4,5,2,3,7,6,9,10,8
1881,1,4,2,10,7,3,9,5,8,6
1882,4,8,1,9,2,10,3,5,6,7
1883,1,4,5,9,3,2,8,10,6,7
1884,1,2,4,3,10,5,9,7,8,6
1885,1,4,5,3,2,7,9,10,6,8
1886,1,4,5,2,7,10,3,9,6,8
1887,4,1,9,8,5,10,2,6,3,7
1888,4,1,3,2,5,10,8,6,9,7
1889,1,4,8,6,9,2,10,3,7,5
1890,8,4,9,1,10,2,3,5,6,7
1891,1,4,5,8,9,6,3,10,2,7
1892,1,4,9,8,10,2,5,3,6,7
1893,1,2,4,10,9,3,5,7,8,6
1894,4,8,1,9,10,2,3,5,6,7
1895,1,4,2,3,5,7,10,6,9,8
1896,1,4,5,2,3,8,9,7,6,10
1897,1,2,10,9,4,3,8,5,7,6
1898,1,4,6,10,2,7,3,5,9,8
1899,1,2,7,4,3,5,10,6,9,8
1900,1,4,9,5,10,2,6,8,3,7
1901,1,4,2,7,5,3,10,9,6,8
1902,1,4,5,2,3,9,7,10,6,8
1903,1,4,2,5,7,3,10,9,6,8
1904,4,1,5,6,3,2,10,9,7,8
1905,1,4,2,5,3,7,10,9,6,8
1906,1,4,2,5,3,7,10,9,6,8
1907,1,4,7,2,3,5,6,10,9,8
1908,1,4,2,5,3,7,10,9,6,8
1909,6,4,1,5,9,8,10,3,2,7
1910,1,4,7,5,2,3,6,10,9,8
1911,1,4,6,10,2,9,8,3,5,7
1912,1,2,8,4,9,3,10,5,7,6
1913,4,8,1,9,2,10,3,5,6,7
1914,1,4,6,7,5,3,2,10,9,8
1915,4,1,2,8,3,5,9,6,10,7
1916,1,8,4,9,5,2,6,3,10,7
1917,1,4,9,5,8,10,2,3,7,6
1918,1,4,5,3,7,2,9,6,10,8
1919,1,4,5,2,7,3,6,10,9,8
1920,4,8,1,2,9,3,5,10,6,7
1921,4,1,8,2,9,3,10,5,7,6
1922,1,4,5,3,2,7,9,6,10,8
1923,1,4,2,3,10,9,5,7,8,6
1924,1,4,2,10,3,8,9,6,5,7
1925,1,4,2,5,3,7,6,10,9,8
1926,8,9,4,1,10,2,3,5,6,7
1927,4,1,2,3,9,10,5,8,7,6
1928,1,4,5,2,3,7,9,10,6,8
1929,4,1,2,3,5,6,10,7,9,8
1930,1,4,2,5,3,7,10,9,6,8
1931,1,4,5,9,8,2,10,3,7,6
1932,1,4,5,9,8,3,2,10,7,6
1933,1,4,5,3,2,6,7,9,10,8
1934,1,4,2,5,3,7,9,10,6,8
1935,4,1,2,8,3,10,9,5,7,6
1936,1,4,6,3,2,7,10,8,5,9
1937,1,4,5,3,2,9,8,7,6,10
1938,1,4,9,8,5,3,6,10,7,2
1939,1,4,2,9,5,3,8,10,7,6
1940,1,2,4,5,3,10,7,9,6,8
1941,1,4,5,2,3,6,7,10,9,8
1942,8,10,4,1,9,6,2,3,5,7
1943,1,4,8,2,3,9,6,10,5,7
1944,1,4,8,10,9,2,3,5,7,6
1945,8,4,1,9,2,10,3,5,6,7
1946,1,2,4,7,5,3,6,10,9,8
1947,1,4,9,5,2,10,8,7,3,6
1948,1,4,2,7,5,9,10,3,6,8
1949,1,4,2,10,7,6,3,5,9,8
1950,1,2,4,5,10,3,9,7,6,8
1951,1,4,2,3,9,10,8,5,7,6
1952,8,1,4,9,2,10,3,5,6,7
1953,1,5,4,2,3,9,7,10,6,8
1954,1,4,5,2,3,7,9,6,10,8
1955,8,1,2,4,9,5,3,10,7,6
1956,1,4,5,9,10,6,2,3,8,7
1957,1,2,4,7,5,3,10,6,9,8
1958,1,4,7,6,5,3,2,10,9,8
1959,1,4,2,3,5,9,10,8,7,6
1960,1,4,2,3,10,5,9,7,8,6
1961,1,4,5,6,7,3,2,10,9,8
1962,1,2,4,3,8,10,9,5,6,7
1963,8,1,9,4,10,5,2,6,3,7
1964,1,4,5,2,3,7,9,6,10,8
1965,4,1,5,3,2,8,9,6,10,7
1966,1,4,7,2,10,5,3,6,9,8
1967,4,1,2,8,9,3,5,10,6,7
1968,1,4,5,2,3,7,9,6,10,8
1969,1,4,2,5,7,3,10,6,9,8
1970,4,1,5,6,3,9,2,7,8,10
1971,4,1,2,8,3,9,5,10,7,6
1972,1,2,4,10,9,8,3,6,5,7
1973,4,1,10,2,6,9,3,8,5,7
1974,1,4,5,3,2,9,7,6,8,10
1975,1,4,2,3,5,7,10,9,8,6
1976,1,4,2,3,9,5,7,10,8,6
1977,1,4,2,5,3,7,10,6,9,8
1978,1,4,6,5,10,9,7,8,2,3
1979,5,6,1,4,9,3,8,2,10,7
1980,4,1,5,3,7,2,6,9,10,8
1981,4,1,5,3,2,7,6,8,9,10
1982,1,4,5,3,2,7,6,10,9,8
1983,4,1,8,10,2,6,9,3,5,7
1984,1,4,2,3,5,6,7,10,9,8
1985,4,1,5,3,2,7,9,6,10,8
1986,4,1,5,9,6,8,3,2,10,7
1987,8,1,4,6,2,9,3,10,5,7
1988,1,4,8,2,9,3,10,5,7,6
1989,1,4,2,5,7,3,10,9,6,8
1990,1,2,4,5,10,3,7,6,9,8
1991,1,4,10,9,2,8,3,6,5,7
1992,1,4,2,3,8,9,5,10,7,6
1993,1,4,2,3,10,9,5,8,7,6
1994,4,1,5,3,2,7,9,6,10,8
1995,1,4,5,6,7,10,3,9,2,8
1996,8,1,4,9,2,10,5,3,6,7
1997,8,1,9,4,2,10,3,5,6,7
1998,1,4,5,3,7,2,6,9,10,8
1999,1,4,2,8,9,10,3,5,7,6
2000,1,4,2,3,5,7,10,9,6,8
2001,1,8,4,10,2,9,6,3,5,7
2002,1,2,4,7,3,5,10,6,9,8
2003,8,4,1,9,2,10,3,5,6,7
2004,4,1,8,2,6,5,3,10,9,7
2005,4,1,8,2,3,6,5,10,9,7
2006,1,4,2,3,8,9,5,10,6,7
2007,4,1,8,2,10,9,6,3,5,7
2008,1,4,2,3,5,9,10,8,7,6
2009,1,4,2,5,3,7,10,9,6,8
2010,8,10,9,1,6,4,2,3,5,7
2011,1,4,7,3,5,2,6,10,9,8
2012,1,4,5,2,3,6,7,10,9,8
2013,4,8,1,2,9,3,5,6,10,7
2014,6,1,4,10,2,9,5,3,8,7
2015,1,4,5,9,2,3,10,8,6,7
2016,1,4,5,3,2,7,9,10,6,8
2017,1,4,2,7,5,3,10,6,9,8
2018,1,4,5,2,3,7,10,6,9,8
2019,1,4,7,2,5,6,3,10,9,8
2020,1,2,4,7,3,5,10,6,9,8
2021,1,4,2,8,9,10,3,5,7,6
2022,1,4,6,5,2,3,10,7,9,8
2023,1,4,6,2,7,10,3,5,9,8
2024,1,8,5,6,4,2,3,9,7,10
2025,4,8,1,10,2,9,3,6,5,7
2026,8,4,9,1,2,5,3,6,10,7
2027,4,1,5,3,6,2,7,8,9,10
2028,1,4,6,2,10,7,5,3,9,8
2029,1,4,5,3,2,9,7,6,10,8
2030,8,9,6,10,4,1,5,2,3,7
2031,4,1,5,2,3,6,9,10,8,7
2032,1,7,2,4,3,5,10,6,9,8
2033,1,4,2,3,5,9,10,7,8,6
2034,1,4,2,10,7,6,3,5,9,8
2035,1,4,5,3,2,6,9,8,7,10
2036,4,6,1,5,10,9,8,3,2,7
2037,4,1,8,9,2,10,3,5,7,6
2038,1,4,5,3,6,2,9,8,7,10
2039,1,4,2,5,3,7,10,6,9,8
2040,8,4,1,9,2,3,5,10,6,7
2041,9,1,8,5,10,4,6,2,3,7
2042,1,4,8,9,5,3,10,2,6,7
2043,1,4,2,3,10,5,7,8,9,6
2044,1,4,2,8,10,3,9,5,7,6
2045,1,4,5,2,7,3,9,10,6,8
2046,4,1,9,10,8,6,2,3,5,7
2047,4,1,6,5,3,7,2,10,9,8
2048,4,1,8,2,9,10,3,5,7,6
2049,1,4,2,5,3,7,10,9,6,8
2050,4,1,8,9,5,2,3,10,6,7
2051,4,8,1,9,2,10,3,5,6,7
2052,1,5,2,4,9,3,10,7,6,8
2053,1,4,2,6,3,7,5,10,9,8
2054,1,2,7,4,5,3,10,6,9,8
2055,1,4,2,3,7,5,9,10,6,8
2056,1,2,4,7,5,3,10,9,6,8
2057,4,1,5,2,3,6,7,9,10,8
2058,1,4,2,5,3,7,9,10,6,8
2059,1,4,5,3,2,9,7,10,6,8
2060,1,4,2,7,10,6,3,5,9,8
2061,1,4,9,5,8,10,2,3,6,7
2062,1,2,4,10,9,3,8,5,7,6
2063,4,1,2,10,8,9,3,6,5,7
2064,1,4,5,6,7,3,2,10,9,8
2065,4,1,2,3,9,5,8,10,7,6
2066,1,4,2,10,3,7,5,6,9,8
2067,1,4,5,3,6,2,9,7,10,8
2068,6,1,10,4,9,2,8,3,5,7
2069,1,4,5,2,3,7,10,6,9,8
2070,1,4,2,5,3,7,10,9,6,8
2071,1,4,2,8,3,10,7,9,5,6
2072,1,4,9,8,10,2,5,3,7,6
2073,1,4,2,5,3,6,7,10,9,8
2074,1,4,5,3,2,7,9,6,10,8
2075,1,2,4,10,9,3,5,8,6,7
2076,1,4,2,3,7,10,5,6,9,8
2077,1,4,8,10,9,6,2,3,5,7
2078,1,4,2,3,5,9,8,10,7,6
2079,1,4,2,3,7,5,10,9,6,8
2080,4,8,1,2,9,3,5,10,6,7
2081,1,4,2,3,5,7,10,6,9,8
2082,1,4,2,3,10,5,9,7,8,6
2083,1,4,7,5,3,6,2,10,9,8
2084,4,1,5,3,2,6,9,10,7,8
2085,8,4,1,9,2,10,3,5,6,7
2086,1,9,5,4,10,6,2,8,3,7
2087,1,4,5,3,2,7,6,10,9,8
2088,1,4,5,3,7,9,2,6,8,10
2089,1,4,6,5,3,7,2,10,9,8
2090,1,4,2,3,10,5,9,7,8,6
2091,1,4,5,6,7,2,3,10,9,8
2092,1,4,5,2,3,7,9,10,8,6
2093,4,1,2,10,5,9,3,8,6,7
2094,1,4,2,5,3,7,10,9,6,8
2095,1,4,2,3,9,5,8,10,7,6
2096,1,4,8,2,9,3,10,6,5,7
2097,4,1,5,9,3,2,8,6,10,7
2098,4,1,8,2,9,10,3,5,7,6
2099,1,4,8,3,5,2,9,10,6,7
2100,1,4,8,2,6,3,10,9,5,7
2101,1,4,2,7,3,5,6,10,9,8
2102,1,4,2,3,5,9,10,7,8,6
2103,8,4,1,9,2,10,3,5,6,7
2104,1,4,2,3,5,9,10,8,7,6
2105,4,1,8,2,9,10,3,5,7,6
2106,4,1,8,2,9,10,3,5,6,7
2107,1,4,2,5,3,7,9,10,6,8
2108,4,1,8,6,10,9,5,2,3,7
2109,4,1,8,9,3,2,5,10,6,7
2110,1,4,2,5,3,7,10,9,6,8
2111,8,4,1,9,2,3,10,5,6,7
2112,1,4,9,2,10,8,5,3,7,6
2113,1,4,8,6,5,2,3,9,10,7
2114,1,4,2,3,7,5,10,9,6,8
2115,4,1,8,2,3,10,6,9,7,5
2116,1,4,5,9,8,3,6,2,7,10
2117,1,4,5,2,3,9,7,10,6,8
2118,1,4,2,3,9,5,10,8,7,6
2119,1,4,7,2,3,6,5,10,9,8
2120,8,1,9,4,6,10,2,3,5,7
2121,1,4,2,3,10,9,8,5,7,6
2122,1,4,2,5,3,7,10,6,9,8
2123,1,4,5,2,3,7,9,10,6,8
2124,4,1,5,3,6,2,9,7,8,10
2125,4,1,8,2,3,10,9,5,7,6
2126,1,4,5,2,3,6,7,8,9,10
2127,1,4,2,5,7,3,6,10,9,8
2128,1,4,2,5,3,7,10,6,9,8
2129,8,1,4,2,10,9,3,6,5,7
2130,1,4,2,7,10,3,5,9,6,8
2131,1,4,2,5,3,7,10,9,6,8
2132,1,4,2,5,3,7,6,10,9,8
2133,1,4,2,5,7,3,10,6,9,8
2134,1,4,5,2,3,9,7,10,6,8
2135,1,4,2,5,3,9,7,10,6,8
2136,4,1,8,2,9,3,5,10,6,7
2137,4,8,9,1,2,5,3,10,6,7
2138,1,4,2,5,7,3,10,9,6,8
2139,1,9,8,4,10,5,6,2,3,7
2140,1,4,2,3,10,5,8,9,7,6
2141,4,1,2,3,5,8,9,10,7,6
2142,1,5,4,2,7,3,10,6,9,8
2143,4,1,2,9,8,3,10,5,7,6
2144,6,1,4,5,3,2,10,7,9,8
2145,8,1,4,9,2,10,3,5,6,7
2146,1,4,5,6,9,2,3,10,7,8
2147,4,1,5,3,6,2,9,8,10,7
2148,1,2,4,3,10,9,5,8,7,6
2149,1,4,5,2,3,7,6,10,9,8
2150,1,4,5,2,3,7,6,10,9,8
2151,6,1,10,9,7,4,3,5,2,8
2152,4,1,2,8,3,9,10,5,7,6
2153,1,4,2,6,5,3,10,7,9,8
2154,1,4,2,5,3,10,7,9,6,8
2155,4,1,8,5,9,3,2,6,10,7
2156,4,8,1,9,2,3,5,10,6,7
2157,1,4,2,5,3,7,10,9,6,8
2158,1,4,2,3,9,5,8,10,7,6
2159,6,1,10,4,7,2,3,5,8,9
2160,8,4,1,10,9,2,3,6,5,7
2161,1,4,6,2,7,10,3,5,9,8
2162,1,4,5,2,3,6,7,9,10,8
2163,1,4,2,7,5,3,10,9,6,8
2164,1,4,2,9,8,3,10,5,7,6
2165,4,8,1,9,2,10,3,5,6,7
2166,1,4,2,3,5,10,9,7,8,6
2167,1,4,9,5,8,2,3,10,7,6
2168,1,4,9,2,8,10,5,3,7,6
2169,4,1,5,3,6,2,9,8,10,7
2170,1,4,9,2,3,5,8,10,7,6
2171,1,4,8,9,2,10,3,5,7,6
2172,1,4,2,5,3,7,10,9,6,8
2173,1,4,2,5,3,7,10,9,6,8
2174,1,4,5,2,3,7,6,9,10,8
2175,4,1,9,5,2,8,10,3,7,6
2176,1,4,7,9,2,10,3,5,6,8
2177,1,4,9,2,3,5,10,8,7,6
2178,1,2,4,9,10,3,8,7,5,6
2179,1,2,7,10,5,4,3,9,6,8
2180,4,1,2,9,8,3,5,10,7,6
2181,8,4,1,9,2,10,3,5,6,7
2182,8,4,1,9,2,10,3,5,6,7
2183,1,4,2,10,3,8,9,5,7,6
2184,8,4,1,9,10,2,3,6,5,7
2185,1,4,2,7,5,3,10,6,9,8
2186,1,4,2,5,3,7,10,6,9,8
2187,1,2,4,3,5,10,7,9,6,8
2188,1,4,5,3,2,9,8,7,10,6
2189,1,4,2,5,7,3,9,10,6,8
2190,1,4,7,5,2,3,6,10,9,8
2191,1,4,2,3,5,7,10,9,6,8
2192,4,1,5,3,7,6,2,10,9,8
2193,1,4,6,10,5,8,9,2,7,3
2194,1,4,2,3,9,10,5,7,8,6
2195,1,2,4,7,10,5,3,9,6,8
2196,1,4,2,7,5,3,10,6,9,8
2197,1,4,5,2,3,9,10,7,8,6
2198,1,4,5,2,10,9,3,7,6,8
2199,1,4,2,3,10,7,5,9,8,6
2200,4,1,5,6,3,2,9,10,8,7
2201,6,1,4,5,2,3,8,10,9,7
2202,1,4,2,5,3,7,10,9,6,8
2203,4,1,5,9,3,8,2,10,6,7
2204,1,4,2,5,3,7,10,9,6,8
2205,1,4,6,2,7,3,5,10,9,8
2206,4,1,2,10,9,8,3,5,6,7
2207,1,4,5,2,3,7,9,10,6,8
2208,8,4,1,9,10,2,3,6,5,7
2209,1,4,8,3,5,6,9,2,10,7
2210,4,1,2,3,8,5,9,10,6,7
2211,1,4,7,3,2,6,5,10,9,8
2212,1,4,5,2,7,3,9,10,6,8
2213,1,4,2,5,3,7,10,6,9,8
2214,8,4,9,1,5,6,10,2,3,7
2215,8,4,1,9,2,3,10,5,6,7
2216,1,4,2,5,7,3,9,10,6,8
2217,1,4,5,3,2,7,6,10,9,8
2218,1,4,2,5,3,7,6,10,8,9
2219,1,4,6,2,3,5,7,10,8,9
2220,1,4,5,2,3,7,9,10,6,8
2221,1,4,2,5,3,7,10,6,9,8
2222,8,1,9,4,10,2,3,6,5,7
2223,1,5,2,9,4,3,10,7,6,8
2224,1,4,2,5,3,7,10,9,6,8
2225,1,4,7,2,3,5,10,6,9,8
2226,4,1,5,3,2,9,6,7,10,8
2227,1,4,2,3,10,5,8,9,7,6
2228,1,4,5,2,9,3,7,10,8,6
2229,1,4,9,5,8,6,7,3,10,2
2230,1,4,5,2,3,9,7,10,6,8
2231,1,4,7,2,5,3,10,9,6,8
2232,4,1,8,2,9,3,5,10,7,6
2233,1,4,7,5,3,6,2,10,9,8
2234,1,4,2,7,5,3,10,9,6,8
2235,1,4,7,6,3,2,5,10,9,8
2236,1,4,5,3,6,2,7,9,8,10
2237,1,5,4,2,3,7,9,6,10,8
2238,1,4,2,9,5,3,8,10,7,6
2239,1,4,5,2,3,7,6,8,9,10
2240,1,4,2,10,3,9,5,7,8,6
2241,4,1,5,2,3,9,10,6,8,7
2242,1,5,6,9,8,4,10,3,2,7
2243,1,4,2,5,7,3,10,6,9,8
2244,4,8,1,2,3,9,5,10,6,7
2245,1,4,5,2,3,9,7,8,6,10
2246,1,4,2,3,10,9,5,6,8,7
2247,1,2,4,7,5,3,10,9,6,8
2248,1,2,4,8,3,10,5,7,9,6
2249,1,2,4,3,7,10,9,5,8,6
2250,8,9,4,1,2,10,3,6,5,7
2251,8,4,9,1,5,10,6,2,3,7
2252,8,1,9,4,10,2,5,3,6,7
2253,1,4,2,3,9,5,10,7,8,6
2254,8,1,9,2,4,10,3,5,6,7
2255,6,1,4,10,2,3,9,5,8,7
2256,4,1,8,2,9,3,10,5,6,7
2257,1,9,4,10,2,8,5,3,6,7
2258,1,4,2,5,7,3,6,8,10,9
2259,1,2,4,10,3,9,5,7,8,6
2260,1,4,9,8,10,5,2,3,6,7
2261,1,4,2,3,9,10,8,5,7,6
2262,4,1,8,2,10,9,3,6,5,7
2263,1,5,2,4,3,7,9,10,6,8
2264,1,4,5,2,3,7,6,10,9,8
2265,4,1,8,2,3,9,5,10,6,7
2266,1,4,5,9,7,2,3,10,6,8
2267,1,4,2,9,10,8,3,5,7,6
2268,1,4,2,5,3,7,10,9,6,8
2269,4,1,5,3,2,6,9,10,8,7
2270,4,1,5,3,6,2,8,9,7,10
2271,1,4,2,3,10,7,5,9,8,6
2272,1,4,2,7,10,3,5,9,6,8
2273,4,1,5,3,2,6,7,9,10,8
2274,8,4,9,1,10,2,3,6,5,7
2275,4,1,6,2,10,5,3,9,8,7
2276,1,4,7,3,2,5,6,10,9,8
2277,1,9,2,4,10,8,3,5,6,7
2278,1,4,2,9,10,3,8,5,7,6
2279,1,4,2,10,9,3,5,8,7,6
2280,1,4,2,10,3,7,5,6,9,8
2281,4,8,1,2,9,5,3,10,6,7
2282,8,1,4,9,10,2,3,6,5,7
2283,4,1,5,3,2,9,6,10,8,7
2284,1,4,2,8,3,5,9,10,7,6
2285,1,2,4,10,9,8,3,6,5,7
2286,4,1,2,8,3,9,10,6,5,7
2287,4,1,8,2,9,3,5,10,6,7
2288,4,1,8,2,3,9,10,5,7,6
2289,8,4,1,9,2,3,5,10,6,7
2290,1,5,4,2,3,7,6,10,9,8
2291,4,1,5,2,3,9,7,10,6,8
2292,1,4,5,3,2,7,6,9,10,8
2293,6,1,4,5,8,9,3,10,2,7
2294,4,1,2,3,9,8,10,5,7,6
2295,1,2,4,7,10,3,5,9,6,8
2296,1,4,2,3,10,7,5,9,6,8
2297,4,1,8,2,10,9,3,6,5,7
2298,1,4,2,3,5,7,10,9,6,8
2299,1,4,7,2,5,10,3,9,6,8
2300,1,4,2,3,5,9,7,10,8,6
2301,1,4,6,5,3,10,2,7,9,8
2302,8,1,9,4,2,10,6,3,5,7
2303,1,4,5,9,3,2,8,7,10,6
2304,1,2,4,3,10,9,7,8,5,6
2305,4,8,1,9,2,10,3,5,6,7
2306,1,4,2,7,5,3,9,10,6,8
2307,4,1,5,3,2,9,6,7,8,10
2308,1,4,2,5,3,7,6,10,9,8
2309,4,1,2,8,3,5,9,10,7,6
2310,1,4,7,2,3,5,6,10,9,8
2311,1,4,6,3,2,5,7,10,9,8
2312,1,4,2,7,3,10,5,9,6,8
2313,1,2,4,3,10,5,9,7,8,6
2314,4,1,5,3,2,9,10,6,8,7
2315,8,4,9,1,10,2,5,6,3,7
2316,4,8,1,2,9,10,3,5,6,7
2317,1,4,2,5,3,7,10,9,6,8
2318,1,4,7,2,3,5,6,10,9,8
2319,4,1,5,6,3,9,2,8,10,7
2320,1,4,7,5,3,2,6,9,10,8
2321,1,4,10,5,2,9,7,3,8,6
2322,4,1,2,8,3,5,9,10,6,7
2323,4,1,2,3,5,9,10,8,6,7
2324,1,4,2,5,3,7,6,9,10,8
2325,1,4,2,5,3,7,10,9,6,8
2326,1,4,2,5,7,3,10,6,9,8
2327,4,5,1,6,8,3,9,2,10,7
2328,1,2,4,10,3,9,7,5,6,8
2329,1,4,5,2,3,9,10,7,8,6
2330,1,4,8,9,10,2,3,6,5,7
2331,1,4,9,5,8,7,2,3,10,6
2332,1,4,2,3,5,9,10,7,8,6
2333,4,1,8,9,2,10,3,5,7,6
2334,4,1,5,9,3,2,8,6,7,10
2335,1,4,7,2,5,3,6,10,9,8
2336,1,4,2,3,5,6,7,10,9,8
2337,1,4,5,2,3,6,7,10,9,8
2338,1,4,9,8,10,2,6,7,5,3
2339,1,4,2,7,5,3,10,6,9,8
2340,1,6,5,4,9,8,3,2,10,7
2341,1,4,2,9,10,8,3,5,7,6
2342,4,1,9,8,5,2,3,10,7,6
2343,1,4,2,3,7,10,9,5,8,6
2344,8,1,10,9,4,6,2,3,5,7
2345,1,4,2,7,5,3,10,6,9,8
2346,1,4,8,2,10,9,3,6,5,7
2347,8,9,4,10,1,2,3,6,5,7
2348,4,1,5,2,3,9,7,10,6,8
2349,1,2,4,10,9,3,5,7,8,6
2350,1,4,2,5,3,7,10,9,6,8
2351,4,1,8,2,9,10,3,5,6,7
2352,1,4,10,2,6,7,3,8,9,5
2353,8,6,1,9,4,2,10,3,5,7
2354,1,4,5,3,2,7,6,9,8,10
2355,1,4,2,3,9,5,8,10,7,6
2356,1,4,7,5,2,3,9,10,6,8
2357,1,4,2,7,10,3,5,9,6,8
2358,4,1,2,3,5,9,8,10,7,6
2359,4,1,2,8,3,10,9,6,5,7
2360,1,4,2,10,7,6,3,9,5,8
2361,1,8,4,10,2,9,3,6,5,7
2362,8,9,10,4,1,2,6,3,5,7
2363,1,4,5,9,2,3,8,10,6,7
2364,8,9,1,6,4,5,10,2,3,7
2365,1,4,2,10,3,7,5,9,6,8
2366,4,1,2,8,9,3,10,5,7,6
2367,1,4,2,3,5,7,10,6,9,8
2368,1,4,5,2,9,10,7,3,8,6
2369,1,4,2,5,3,7,10,9,6,8
2370,1,4,2,10,7,3,5,9,6,8
2371,4,1,2,8,10,3,9,5,7,6
2372,1,4,5,2,10,6,3,7,9,8
2373,1,4,9,5,10,8,2,3,7,6
2374,8,1,4,9,10,2,6,3,5,7
2375,8,4,9,1,2,10,3,5,6,7
2376,1,2,4,3,10,7,9,5,8,6
2377,1,4,2,5,3,7,10,9,6,8
2378,1,2,3,4,5,10,9,8,7,6
2379,1,2,4,3,10,5,9,7,8,6
2380,1,4,5,9,8,3,2,7,10,6
2381,1,4,2,5,3,7,10,9,6,8
2382,4,1,5,8,3,6,2,9,10,7
2383,1,4,2,3,5,7,9,10,8,6
2384,1,2,7,4,3,5,10,6,9,8
2385,1,4,2,3,9,5,8,10,7,6
2386,6,9,8,1,10,5,4,3,2,7
2387,1,4,3,5,2,7,6,10,9,8
2388,1,4,2,10,9,8,3,5,7,6
2389,1,4,5,2,3,9,7,10,6,8
2390,1,4,2,3,10,5,9,8,7,6
2391,1,4,2,5,3,7,10,9,6,8
2392,1,2,4,3,5,10,9,7,8,6
2393,8,9,4,1,2,10,3,5,6,7
2394,1,4,2,5,3,9,7,8,10,6
2395,1,4,2,6,5,10,3,7,9,8
2396,1,4,5,2,3,7,9,10,6,8
2397,1,4,2,10,3,9,8,5,7,6
2398,4,8,1,2,9,3,5,6,10,7
2399,1,4,5,6,2,3,10,7,9,8
2400,1,2,4,10,3,9,7,5,8,6
2401,4,1,2,8,3,10,9,5,7,6
2402,6,1,4,5,3,2,7,10,9,8
2403,1,4,8,2,9,3,10,5,6,7
2404,1,8,10,9,4,6,2,3,7,5
2405,1,4,2,9,3,10,8,5,7,6
2406,1,5,4,2,3,9,7,10,6,8
2407,4,1,5,6,2,3,9,7,10,8
2408,1,4,2,10,3,9,5,7,8,6
2409,4,1,5,6,9,3,2,10,7,8
2410,1,6,7,4,5,2,10,3,9,8
2411,1,4,2,5,3,7,10,9,6,8
2412,4,8,1,9,5,2,3,10,6,7
2413,1,4,2,9,8,3,10,5,7,6
2414,1,4,6,2,7,3,5,10,9,8
2415,1,4,9,5,10,6,2,8,3,7
2416,1,4,7,2,3,5,6,10,9,8
2417,1,4,5,6,2,7,3,10,9,8
2418,8,4,9,1,2,10,3,5,6,7
2419,6,1,4,8,2,10,3,7,5,9
2420,8,9,1,2,4,10,3,5,6,7
2421,1,4,2,3,9,5,10,7,8,6
2422,1,4,5,2,3,9,7,10,6,8
2423,8,4,9,1,10,2,3,5,6,7
2424,4,1,8,2,9,3,10,5,7,6
2425,4,8,1,9,2,10,5,3,6,7
2426,1,4,2,10,8,3,9,6,7,5
2427,4,1,8,2,3,5,9,10,6,7
2428,4,8,1,2,9,10,3,5,6,7
2429,1,4,5,2,3,7,10,9,6,8
2430,8,4,9,1,2,10,3,5,6,7
2431,4,8,1,6,10,2,9,3,5,7
2432,1,4,2,10,3,9,5,8,6,7
2433,1,4,5,2,3,7,9,10,6,8
2434,1,8,4,2,9,10,3,5,6,7
2435,1,4,2,10,7,3,6,5,9,8
2436,1,4,2,5,3,7,10,9,6,8
2437,8,4,9,1,5,6,3,10,2,7
2438,1,4,5,3,7,6,2,9,10,8
2439,1,4,5,2,3,9,7,10,6,8
2440,1,4,5,2,3,7,9,6,10,8
2441,1,4,2,3,7,10,5,9,6,8
2442,1,2,10,4,9,3,5,7,6,8
2443,1,4,5,9,2,3,10,7,8,6
2444,1,4,2,5,3,7,9,10,6,8
2445,8,9,1,4,10,2,3,6,5,7
2446,1,2,4,5,3,10,7,9,6,8
2447,1,4,2,3,5,9,8,10,7,6
2448,1,4,2,5,3,7,6,10,9,8
2449,1,4,5,2,3,7,9,10,6,8
2450,1,4,2,7,10,5,3,9,6,8
2451,1,4,2,5,3,9,10,7,8,6
2452,1,4,5,2,3,8,9,7,6,10
2453,1,4,8,9,10,6,2,5,3,7
2454,8,4,1,9,2,3,10,5,6,7
2455,1,4,8,9,10,2,3,5,7,6
2456,8,4,9,1,10,2,3,5,6,7
2457,1,5,2,7,3,4,6,10,9,8
2458,1,4,2,5,3,7,10,9,6,8
2459,1,4,6,5,3,2,7,10,9,8
2460,8,4,9,1,2,10,3,5,6,7
2461,1,4,2,3,5,7,10,9,6,8
2462,1,2,4,9,8,10,5,3,6,7
2463,1,4,2,5,7,3,10,6,9,8
2464,1,4,2,5,3,7,10,9,6,8
2465,1,4,2,5,3,7,10,9,6,8
2466,1,4,2,5,6,3,7,10,9,8
2467,1,4,2,7,5,3,9,10,6,8
2468,1,4,2,3,7,5,10,6,9,8
2469,4,1,8,2,3,9,10,5,6,7
2470,4,1,2,8,9,10,3,5,6,7
2471,1,4,2,5,3,7,10,6,9,8
2472,8,4,9,1,6,2,10,5,3,7
2473,1,4,5,2,3,9,7,8,10,6
2474,1,4,2,7,5,3,9,10,6,8
2475,1,4,5,2,3,7,9,10,6,8
2476,4,1,5,3,2,6,9,7,8,10
2477,1,8,4,2,10,9,3,6,5,7
2478,1,4,5,2,3,9,7,10,8,6
2479,1,4,2,5,3,7,10,6,9,8
2480,1,2,4,9,3,5,10,8,7,6
2481,1,4,2,3,7,5,10,9,6,8
2482,4,1,5,3,2,8,9,6,7,10
2483,8,9,10,4,1,2,6,3,5,7
2484,8,4,1,9,2,5,10,3,6,7
2485,1,4,5,2,3,9,7,10,6,8
2486,4,8,1,2,9,3,10,5,6,7
2487,1,4,5,6,7,3,2,10,9,8
2488,1,2,5,4,9,7,3,10,6,8
2489,1,4,2,3,10,5,9,7,8,6
2490,4,1,8,9,2,10,3,5,7,6
2491,1,4,2,10,7,5,6,3,9,8
2492,4,1,5,9,2,3,10,8,7,6
2493,1,2,8,4,5,9,3,10,7,6
2494,1,4,2,3,10,5,9,7,8,6
2495,1,4,5,7,2,3,6,10,9,8
2496,1,4,5,6,3,2,9,8,10,7
2497,1,4,5,2,3,7,10,6,9,8
2498,1,4,2,3,7,5,10,6,9,8
2499,1,4,2,5,3,7,9,10,6,8
2500,1,4,5,6,2,7,3,10,9,8
2501,1,4,2,5,3,7,9,10,8,6
2502,1,4,2,10,3,8,9,5,7,6
2503,8,4,9,1,10,2,5,3,6,7
2504,1,6,4,5,10,2,9,7,3,8
2505,8,9,4,10,1,2,3,6,5,7
2506,1,4,2,3,10,9,8,5,7,6
2507,1,4,5,6,3,2,10,9,7,8
2508,1,4,5,2,3,7,6,9,10,8
2509,4,1,5,6,3,2,7,9,10,8
2510,1,4,2,7,3,5,10,6,9,8
2511,1,4,2,3,5,9,10,8,6,7
2512,1,4,5,7,3,2,6,10,9,8
2513,1,4,2,10,3,7,5,9,6,8
2514,8,4,1,9,2,3,5,10,6,7
2515,1,4,2,9,10,5,3,8,7,6
2516,1,2,4,10,9,3,5,7,8,6
2517,1,4,5,2,3,7,6,10,9,8
2518,1,5,2,4,3,7,6,9,10,8
2519,1,4,2,3,10,9,5,8,6,7
2520,1,4,6,3,2,5,7,10,9,8
2521,1,4,2,7,5,3,9,10,6,8
2522,1,2,4,10,3,9,7,5,8,6
2523,1,5,4,6,9,2,3,10,7,8
2524,8,4,1,2,9,10,3,5,6,7
2525,4,1,5,3,2,7,6,10,9,8
2526,1,4,2,3,5,9,10,7,8,6
2527,1,4,2,5,3,7,10,9,6,8
2528,1,4,2,5,3,7,10,9,6,8
2529,1,2,4,5,7,3,10,6,9,8
2530,1,4,7,6,5,3,2,10,9,8
2531,1,4,2,7,3,5,10,6,9,8
2532,1,4,3,5,2,9,8,6,10,7
2533,4,8,1,6,2,3,5,9,10,7
2534,1,5,4,2,3,7,9,6,10,8
2535,1,4,2,3,10,9,5,8,7,6
2536,6,8,1,4,9,10,5,2,3,7
2537,1,4,6,10,8,2,9,3,7,5
2538,4,1,5,6,3,9,8,2,10,7
2539,1,4,6,5,8,3,10,9,2,7
2540,1,2,5,4,10,9,3,7,6,8
2541,1,4,5,2,3,7,9,10,6,8
2542,1,4,5,2,7,10,3,6,9,8
2543,1,4,2,5,3,7,9,10,6,8
2544,1,4,2,5,3,6,7,10,9,8
2545,1,4,5,2,9,3,10,7,6,8
2546,1,4,2,7,10,5,3,9,6,8
2547,4,1,8,2,3,5,9,10,6,7
2548,8,4,9,10,1,2,6,3,5,7
2549,1,4,5,3,2,6,7,9,10,8
2550,1,4,2,9,3,10,5,8,7,6
2551,1,4,5,3,2,7,9,10,6,8
2552,4,1,5,7,3,6,2,9,10,8
2553,1,4,5,2,3,7,10,9,6,8
2554,4,1,2,3,5,9,10,8,7,6
2555,8,4,9,1,10,2,3,6,5,7
2556,1,4,2,7,3,5,10,6,9,8
2557,1,2,4,3,10,5,9,6,8,7
2558,4,1,5,6,3,9,2,10,8,7
2559,1,4,2,10,3,8,9,7,6,5
2560,1,4,2,3,7,10,5,9,6,8
2561,1,4,10,2,8,9,6,3,7,5
2562,1,2,4,5,3,7,10,9,6,8
2563,1,2,4,10,9,3,8,7,5,6
2564,8,4,1,9,2,10,3,5,6,7
2565,1,4,5,2,3,9,7,10,6,8
2566,1,4,2,5,7,10,3,9,6,8
2567,1,6,4,10,2,7,3,5,9,8
2568,1,4,2,3,10,5,7,9,8,6
2569,1,4,7,2,5,3,9,10,6,8
2570,1,4,2,5,3,7,10,9,6,8
2571,1,4,2,10,8,3,9,6,7,5
2572,1,4,2,7,3,5,10,9,6,8
2573,1,2,4,10,9,3,7,5,8,6
2574,1,4,6,10,2,7,9,3,5,8
2575,1,4,5,2,3,9,7,10,6,8
2576,1,4,5,2,3,9,6,10,7,8
2577,1,4,2,5,3,6,7,10,9,8
2578,1,4,2,5,3,7,10,6,9,8
2579,8,9,4,1,10,2,6,3,5,7
2580,4,1,2,5,3,9,10,8,7,6
2581,4,1,2,9,8,3,10,5,7,6
2582,4,1,5,3,2,6,9,7,10,8
2583,1,4,9,8,10,5,2,3,6,7
2584,1,4,2,5,3,6,7,10,9,8
2585,1,8,4,9,10,2,3,6,5,7
2586,1,2,4,10,3,9,5,7,8,6
2587,1,2,4,10,3,9,5,7,6,8
2588,4,1,8,2,9,5,3,10,6,7
2589,1,4,5,2,7,3,10,9,6,8
2590,1,4,2,5,7,3,10,9,6,8
2591,4,1,5,2,3,7,9,10,6,8
2592,1,4,5,3,7,2,6,9,10,8
2593,1,4,2,3,7,5,10,9,8,6
2594,1,4,2,5,3,7,9,10,6,8
2595,4,1,8,2,3,9,10,5,6,7
2596,1,4,5,6,3,2,7,9,10,8
2597,1,4,5,2,9,3,6,7,10,8
2598,1,4,2,5,3,7,10,9,6,8
2599,4,1,3,2,5,7,9,6,10,8
2600,1,4,2,3,10,9,5,7,8,6
2601,1,4,5,2,3,7,6,10,9,8
2602,4,1,8,5,9,3,2,10,6,7
2603,1,4,6,5,3,2,7,10,9,8
2604,4,1,5,9,6,8,3,2,10,7
2605,1,4,2,6,5,3,7,10,8,9
2606,1,2,4,10,9,3,8,5,7,6
2607,1,4,2,5,3,7,10,9,6,8
2608,1,5,4,6,9,10,2,7,3,8
2609,1,2,4,10,9,3,5,7,8,6
2610,1,4,2,5,3,7,6,10,9,8
2611,1,4,2,3,9,10,5,8,7,6
2612,4,1,2,10,8,3,9,6,5,7
2613,4,1,5,2,3,6,7,9,8,10
2614,1,4,5,2,3,7,9,6,8,10
2615,4,1,5,2,3,6,7,9,10,8
2616,4,1,8,2,9,3,10,5,6,7
2617,1,4,2,7,6,3,5,10,9,8
2618,1,4,2,3,5,7,10,9,8,6
2619,1,4,2,3,5,9,10,7,8,6
2620,1,5,4,6,3,2,7,9,8,10
2621,1,4,5,2,3,7,6,10,9,8
2622,1,4,2,5,7,3,9,10,6,8
2623,4,1,5,2,6,3,9,8,7,10
2624,4,1,8,2,3,9,5,10,6,7
2625,1,4,7,2,3,6,5,10,9,8
2626,1,5,4,3,2,9,6,7,10,8
2627,4,1,8,2,3,9,10,5,7,6
2628,8,4,1,2,10,9,3,6,5,7
2629,1,6,4,2,8,10,3,7,9,5
2630,1,4,6,7,10,2,3,5,9,8
2631,1,4,5,3,6,8,9,2,10,7
2632,1,4,2,7,3,5,10,6,9,8
2633,1,4,2,7,3,5,10,6,9,8
2634,1,4,2,10,3,9,8,5,7,6
2635,1,4,5,2,3,6,7,9,10,8
2636,1,4,2,10,8,9,3,5,7,6
2637,8,4,1,9,2,10,3,5,6,7
2638,1,6,5,4,7,3,2,10,9,8
2639,4,1,2,3,5,8,9,10,7,6
2640,1,4,2,7,5,3,6,10,9,8
2641,1,4,2,5,7,3,10,6,9,8
2642,1,2,4,5,3,7,10,9,6,8
