RF:
Training done. Time taken: 6:23:54.209484
params tried:
{'estimator__classifier__min_samples_split': [2, 4, 6], 'estimator__classifier__max_depth': [5, 10], 'estimator__classifier__n_estimators': [500, 800], 'estimator__classifier__random_state': [93], 'estimator__classifier__max_features': [0.7, None], 'estimator__oversampler__k_neighbors': [3, 5], 'estimator__oversampler__sampling_strategy': ['auto']}

Best training make_scorer(f1_score, response_method='predict', average=micro, zero_division=0) score: 0.421. Best model params:
{'estimator__classifier__max_depth': 10, 'estimator__classifier__max_features': 0.7, 'estimator__classifier__min_samples_split': 2, 'estimator__classifier__n_estimators': 800, 'estimator__classifier__random_state': 93, 'estimator__oversampler__k_neighbors': 5, 'estimator__oversampler__sampling_strategy': 'auto'}.

Best RF model performance on test data:
              precision    recall  f1-score   support

           0       0.63      0.64      0.63      2117
           1       0.32      0.53      0.40       847
           2       0.13      0.40      0.20       450
           3       0.54      0.61      0.57      1653
           4       0.20      0.61      0.30       501
           5       0.16      0.48      0.24       290
           6       0.27      0.68      0.39       617
           7       0.20      0.47      0.28       458
           8       0.38      0.65      0.48       466
           9       0.21      0.45      0.28       398

   micro avg       0.34      0.58      0.43      7797
   macro avg       0.30      0.55      0.38      7797
weighted avg       0.41      0.58      0.47      7797
 samples avg       0.34      0.58      0.40      7797

Confusion matrices:
 Predicted: 
   N | P  
[[TN, FP] 
[FN, TP]] 
 
[[[1203  803]
  [ 770 1347]]

 [[2325  951]
  [ 398  449]]

 [[2499 1174]
  [ 268  182]]

 [[1602  868]
  [ 652 1001]]

 [[2423 1199]
  [ 197  304]]

 [[3118  715]
  [ 150  140]]

 [[2385 1121]
  [ 199  418]]

 [[2795  870]
  [ 241  217]]

 [[3170  487]
  [ 163  303]]

 [[3030  695]
  [ 218  180]]]
Best RF model performance on test data:
              precision    recall  f1-score   support

           0       0.63      0.64      0.63      2117
           1       0.32      0.53      0.40       847
           2       0.13      0.40      0.20       450
           3       0.54      0.61      0.57      1653
           4       0.20      0.61      0.30       501
           5       0.16      0.48      0.24       290
           6       0.27      0.68      0.39       617
           7       0.20      0.47      0.28       458
           8       0.38      0.65      0.48       466
           9       0.21      0.45      0.28       398

   micro avg       0.34      0.58      0.43      7797
   macro avg       0.30      0.55      0.38      7797
weighted avg       0.41      0.58      0.47      7797
 samples avg       0.34      0.58      0.40      7797

Confusion matrices:
 Predicted: 
   N | P  
[[TN, FP] 
[FN, TP]] 
 
[[[1203  803]
  [ 770 1347]]

 [[2325  951]
  [ 398  449]]

 [[2499 1174]
  [ 268  182]]

 [[1602  868]
  [ 652 1001]]

 [[2423 1199]
  [ 197  304]]

 [[3118  715]
  [ 150  140]]

 [[2385 1121]
  [ 199  418]]

 [[2795  870]
  [ 241  217]]

 [[3170  487]
  [ 163  303]]

 [[3030  695]
  [ 218  180]]]
Best RF model performance on test data:
              precision    recall  f1-score   support

           0       0.63      0.64      0.63      2117
           1       0.32      0.53      0.40       847
           2       0.13      0.40      0.20       450
           3       0.54      0.61      0.57      1653
           4       0.20      0.61      0.30       501
           5       0.16      0.48      0.24       290
           6       0.27      0.68      0.39       617
           7       0.20      0.47      0.28       458
           8       0.38      0.65      0.48       466
           9       0.21      0.45      0.28       398

   micro avg       0.34      0.58      0.43      7797
   macro avg       0.30      0.55      0.38      7797
weighted avg       0.41      0.58      0.47      7797
 samples avg       0.34      0.58      0.40      7797

Confusion matrices:
 Predicted: 
   N | P  
[[TN, FP] 
[FN, TP]] 
 
[[[1203  803]
  [ 770 1347]]

 [[2325  951]
  [ 398  449]]

 [[2499 1174]
  [ 268  182]]

 [[1602  868]
  [ 652 1001]]

 [[2423 1199]
  [ 197  304]]

 [[3118  715]
  [ 150  140]]

 [[2385 1121]
  [ 199  418]]

 [[2795  870]
  [ 241  217]]

 [[3170  487]
  [ 163  303]]

 [[3030  695]
  [ 218  180]]]
Best RF model performance on test data:
              precision    recall  f1-score   support

           0       0.63      0.64      0.63      2117
           1       0.32      0.53      0.40       847
           2       0.13      0.40      0.20       450
           3       0.54      0.61      0.57      1653
           4       0.20      0.61      0.30       501
           5       0.16      0.48      0.24       290
           6       0.27      0.68      0.39       617
           7       0.20      0.47      0.28       458
           8       0.38      0.65      0.48       466
           9       0.21      0.45      0.28       398

   micro avg       0.34      0.58      0.43      7797
   macro avg       0.30      0.55      0.38      7797
weighted avg       0.41      0.58      0.47      7797
 samples avg       0.34      0.58      0.40      7797

Confusion matrices:
 Predicted: 
   N | P  
[[TN, FP] 
[FN, TP]] 
 
[[[1203  803]
  [ 770 1347]]

 [[2325  951]
  [ 398  449]]

 [[2499 1174]
  [ 268  182]]

 [[1602  868]
  [ 652 1001]]

 [[2423 1199]
  [ 197  304]]

 [[3118  715]
  [ 150  140]]

 [[2385 1121]
  [ 199  418]]

 [[2795  870]
  [ 241  217]]

 [[3170  487]
  [ 163  303]]

 [[3030  695]
  [ 218  180]]]
Best RF model performance on test data:
              precision    recall  f1-score   support

           0       0.63      0.64      0.63      2117
           1       0.32      0.53      0.40       847
           2       0.13      0.40      0.20       450
           3       0.54      0.61      0.57      1653
           4       0.20      0.61      0.30       501
           5       0.16      0.48      0.24       290
           6       0.27      0.68      0.39       617
           7       0.20      0.47      0.28       458
           8       0.38      0.65      0.48       466
           9       0.21      0.45      0.28       398

   micro avg       0.34      0.58      0.43      7797
   macro avg       0.30      0.55      0.38      7797
weighted avg       0.41      0.58      0.47      7797
 samples avg       0.34      0.58      0.40      7797

Confusion matrices:
 Predicted: 
   N | P  
[[TN, FP] 
[FN, TP]] 
 
[[[1203  803]
  [ 770 1347]]

 [[2325  951]
  [ 398  449]]

 [[2499 1174]
  [ 268  182]]

 [[1602  868]
  [ 652 1001]]

 [[2423 1199]
  [ 197  304]]

 [[3118  715]
  [ 150  140]]

 [[2385 1121]
  [ 199  418]]

 [[2795  870]
  [ 241  217]]

 [[3170  487]
  [ 163  303]]

 [[3030  695]
  [ 218  180]]]
Best RF model performance on test data:
              precision    recall  f1-score   support

           0       0.63      0.64      0.63      2117
           1       0.32      0.53      0.40       847
           2       0.13      0.40      0.20       450
           3       0.54      0.61      0.57      1653
           4       0.20      0.61      0.30       501
           5       0.16      0.48      0.24       290
           6       0.27      0.68      0.39       617
           7       0.20      0.47      0.28       458
           8       0.38      0.65      0.48       466
           9       0.21      0.45      0.28       398

   micro avg       0.34      0.58      0.43      7797
   macro avg       0.30      0.55      0.38      7797
weighted avg       0.41      0.58      0.47      7797
 samples avg       0.34      0.58      0.40      7797

Confusion matrices:
 Predicted: 
   N | P  
[[TN, FP] 
[FN, TP]] 
 
[[[1203  803]
  [ 770 1347]]

 [[2325  951]
  [ 398  449]]

 [[2499 1174]
  [ 268  182]]

 [[1602  868]
  [ 652 1001]]

 [[2423 1199]
  [ 197  304]]

 [[3118  715]
  [ 150  140]]

 [[2385 1121]
  [ 199  418]]

 [[2795  870]
  [ 241  217]]

 [[3170  487]
  [ 163  303]]

 [[3030  695]
  [ 218  180]]]
Best RF model performance on test data:
              precision    recall  f1-score   support

           0       0.63      0.64      0.63      2117
           1       0.32      0.53      0.40       847
           2       0.13      0.40      0.20       450
           3       0.54      0.61      0.57      1653
           4       0.20      0.61      0.30       501
           5       0.16      0.48      0.24       290
           6       0.27      0.68      0.39       617
           7       0.20      0.47      0.28       458
           8       0.38      0.65      0.48       466
           9       0.21      0.45      0.28       398

   micro avg       0.34      0.58      0.43      7797
   macro avg       0.30      0.55      0.38      7797
weighted avg       0.41      0.58      0.47      7797
 samples avg       0.34      0.58      0.40      7797

Confusion matrices:
 Predicted: 
   N | P  
[[TN, FP] 
[FN, TP]] 
 
[[[1203  803]
  [ 770 1347]]

 [[2325  951]
  [ 398  449]]

 [[2499 1174]
  [ 268  182]]

 [[1602  868]
  [ 652 1001]]

 [[2423 1199]
  [ 197  304]]

 [[3118  715]
  [ 150  140]]

 [[2385 1121]
  [ 199  418]]

 [[2795  870]
  [ 241  217]]

 [[3170  487]
  [ 163  303]]

 [[3030  695]
  [ 218  180]]]
Best RF model performance on test data:
              precision    recall  f1-score   support

           0       0.63      0.64      0.63      2117
           1       0.32      0.53      0.40       847
           2       0.13      0.40      0.20       450
           3       0.54      0.61      0.57      1653
           4       0.20      0.61      0.30       501
           5       0.16      0.48      0.24       290
           6       0.27      0.68      0.39       617
           7       0.20      0.47      0.28       458
           8       0.38      0.65      0.48       466
           9       0.21      0.45      0.28       398

   micro avg       0.34      0.58      0.43      7797
   macro avg       0.30      0.55      0.38      7797
weighted avg       0.41      0.58      0.47      7797
 samples avg       0.34      0.58      0.40      7797

Confusion matrices:
 Predicted: 
   N | P  
[[TN, FP] 
[FN, TP]] 
 
[[[1203  803]
  [ 770 1347]]

 [[2325  951]
  [ 398  449]]

 [[2499 1174]
  [ 268  182]]

 [[1602  868]
  [ 652 1001]]

 [[2423 1199]
  [ 197  304]]

 [[3118  715]
  [ 150  140]]

 [[2385 1121]
  [ 199  418]]

 [[2795  870]
  [ 241  217]]

 [[3170  487]
  [ 163  303]]

 [[3030  695]
  [ 218  180]]]
Best RF model performance on test data:
              precision    recall  f1-score   support

           0       0.63      0.64      0.63      2117
           1       0.32      0.53      0.40       847
           2       0.13      0.40      0.20       450
           3       0.54      0.61      0.57      1653
           4       0.20      0.61      0.30       501
           5       0.16      0.48      0.24       290
           6       0.27      0.68      0.39       617
           7       0.20      0.47      0.28       458
           8       0.38      0.65      0.48       466
           9       0.21      0.45      0.28       398

   micro avg       0.34      0.58      0.43      7797
   macro avg       0.30      0.55      0.38      7797
weighted avg       0.41      0.58      0.47      7797
 samples avg       0.34      0.58      0.40      7797

Confusion matrices:
 Predicted: 
   N | P  
[[TN, FP] 
[FN, TP]] 
 
[[[1203  803]
  [ 770 1347]]

 [[2325  951]
  [ 398  449]]

 [[2499 1174]
  [ 268  182]]

 [[1602  868]
  [ 652 1001]]

 [[2423 1199]
  [ 197  304]]

 [[3118  715]
  [ 150  140]]

 [[2385 1121]
  [ 199  418]]

 [[2795  870]
  [ 241  217]]

 [[3170  487]
  [ 163  303]]

 [[3030  695]
  [ 218  180]]]
Best RF model performance on test data:
              precision    recall  f1-score   support

           0       0.63      0.64      0.63      2117
           1       0.32      0.53      0.40       847
           2       0.13      0.40      0.20       450
           3       0.54      0.61      0.57      1653
           4       0.20      0.61      0.30       501
           5       0.16      0.48      0.24       290
           6       0.27      0.68      0.39       617
           7       0.20      0.47      0.28       458
           8       0.38      0.65      0.48       466
           9       0.21      0.45      0.28       398

   micro avg       0.34      0.58      0.43      7797
   macro avg       0.30      0.55      0.38      7797
weighted avg       0.41      0.58      0.47      7797
 samples avg       0.34      0.58      0.40      7797

Confusion matrices:
 Predicted: 
   N | P  
[[TN, FP] 
[FN, TP]] 
 
[[[1203  803]
  [ 770 1347]]

 [[2325  951]
  [ 398  449]]

 [[2499 1174]
  [ 268  182]]

 [[1602  868]
  [ 652 1001]]

 [[2423 1199]
  [ 197  304]]

 [[3118  715]
  [ 150  140]]

 [[2385 1121]
  [ 199  418]]

 [[2795  870]
  [ 241  217]]

 [[3170  487]
  [ 163  303]]

 [[3030  695]
  [ 218  180]]]
Best RF model performance on test data:
              precision    recall  f1-score   support

           0       0.63      0.64      0.63      2117
           1       0.32      0.53      0.40       847
           2       0.13      0.40      0.20       450
           3       0.54      0.61      0.57      1653
           4       0.20      0.61      0.30       501
           5       0.16      0.48      0.24       290
           6       0.27      0.68      0.39       617
           7       0.20      0.47      0.28       458
           8       0.38      0.65      0.48       466
           9       0.21      0.45      0.28       398

   micro avg       0.34      0.58      0.43      7797
   macro avg       0.30      0.55      0.38      7797
weighted avg       0.41      0.58      0.47      7797
 samples avg       0.34      0.58      0.40      7797

Confusion matrices:
 Predicted: 
   N | P  
[[TN, FP] 
[FN, TP]] 
 
[[[1203  803]
  [ 770 1347]]

 [[2325  951]
  [ 398  449]]

 [[2499 1174]
  [ 268  182]]

 [[1602  868]
  [ 652 1001]]

 [[2423 1199]
  [ 197  304]]

 [[3118  715]
  [ 150  140]]

 [[2385 1121]
  [ 199  418]]

 [[2795  870]
  [ 241  217]]

 [[3170  487]
  [ 163  303]]

 [[3030  695]
  [ 218  180]]]
Best RF model performance on test data:
              precision    recall  f1-score   support

           0       0.63      0.64      0.63      2117
           1       0.32      0.53      0.40       847
           2       0.13      0.40      0.20       450
           3       0.54      0.61      0.57      1653
           4       0.20      0.61      0.30       501
           5       0.16      0.48      0.24       290
           6       0.27      0.68      0.39       617
           7       0.20      0.47      0.28       458
           8       0.38      0.65      0.48       466
           9       0.21      0.45      0.28       398

   micro avg       0.34      0.58      0.43      7797
   macro avg       0.30      0.55      0.38      7797
weighted avg       0.41      0.58      0.47      7797
 samples avg       0.34      0.58      0.40      7797

Confusion matrices:
 Predicted: 
   N | P  
[[TN, FP] 
[FN, TP]] 
 
[[[1203  803]
  [ 770 1347]]

 [[2325  951]
  [ 398  449]]

 [[2499 1174]
  [ 268  182]]

 [[1602  868]
  [ 652 1001]]

 [[2423 1199]
  [ 197  304]]

 [[3118  715]
  [ 150  140]]

 [[2385 1121]
  [ 199  418]]

 [[2795  870]
  [ 241  217]]

 [[3170  487]
  [ 163  303]]

 [[3030  695]
  [ 218  180]]]
Best RF model performance on test data:
              precision    recall  f1-score   support

           0       0.63      0.64      0.63      2117
           1       0.32      0.53      0.40       847
           2       0.13      0.40      0.20       450
           3       0.54      0.61      0.57      1653
           4       0.20      0.61      0.30       501
           5       0.16      0.48      0.24       290
           6       0.27      0.68      0.39       617
           7       0.20      0.47      0.28       458
           8       0.38      0.65      0.48       466
           9       0.21      0.45      0.28       398

   micro avg       0.34      0.58      0.43      7797
   macro avg       0.30      0.55      0.38      7797
weighted avg       0.41      0.58      0.47      7797
 samples avg       0.34      0.58      0.40      7797

Confusion matrices:
 Predicted: 
   N | P  
[[TN, FP] 
[FN, TP]] 
 
[[[1203  803]
  [ 770 1347]]

 [[2325  951]
  [ 398  449]]

 [[2499 1174]
  [ 268  182]]

 [[1602  868]
  [ 652 1001]]

 [[2423 1199]
  [ 197  304]]

 [[3118  715]
  [ 150  140]]

 [[2385 1121]
  [ 199  418]]

 [[2795  870]
  [ 241  217]]

 [[3170  487]
  [ 163  303]]

 [[3030  695]
  [ 218  180]]]
Best RF model performance on test data:
              precision    recall  f1-score   support

           0       0.63      0.64      0.63      2117
           1       0.32      0.53      0.40       847
           2       0.13      0.40      0.20       450
           3       0.54      0.61      0.57      1653
           4       0.20      0.61      0.30       501
           5       0.16      0.48      0.24       290
           6       0.27      0.68      0.39       617
           7       0.20      0.47      0.28       458
           8       0.38      0.65      0.48       466
           9       0.21      0.45      0.28       398

   micro avg       0.34      0.58      0.43      7797
   macro avg       0.30      0.55      0.38      7797
weighted avg       0.41      0.58      0.47      7797
 samples avg       0.34      0.58      0.40      7797

Confusion matrices:
 Predicted: 
   N | P  
[[TN, FP] 
[FN, TP]] 
 
[[[1203  803]
  [ 770 1347]]

 [[2325  951]
  [ 398  449]]

 [[2499 1174]
  [ 268  182]]

 [[1602  868]
  [ 652 1001]]

 [[2423 1199]
  [ 197  304]]

 [[3118  715]
  [ 150  140]]

 [[2385 1121]
  [ 199  418]]

 [[2795  870]
  [ 241  217]]

 [[3170  487]
  [ 163  303]]

 [[3030  695]
  [ 218  180]]]
Best RF model performance on test data:
              precision    recall  f1-score   support

           0       0.63      0.64      0.63      2117
           1       0.32      0.53      0.40       847
           2       0.13      0.40      0.20       450
           3       0.54      0.61      0.57      1653
           4       0.20      0.61      0.30       501
           5       0.16      0.48      0.24       290
           6       0.27      0.68      0.39       617
           7       0.20      0.47      0.28       458
           8       0.38      0.65      0.48       466
           9       0.21      0.45      0.28       398

   micro avg       0.34      0.58      0.43      7797
   macro avg       0.30      0.55      0.38      7797
weighted avg       0.41      0.58      0.47      7797
 samples avg       0.34      0.58      0.40      7797

Confusion matrices:
 Predicted: 
   N | P  
[[TN, FP] 
[FN, TP]] 
 
[[[1203  803]
  [ 770 1347]]

 [[2325  951]
  [ 398  449]]

 [[2499 1174]
  [ 268  182]]

 [[1602  868]
  [ 652 1001]]

 [[2423 1199]
  [ 197  304]]

 [[3118  715]
  [ 150  140]]

 [[2385 1121]
  [ 199  418]]

 [[2795  870]
  [ 241  217]]

 [[3170  487]
  [ 163  303]]

 [[3030  695]
  [ 218  180]]]
Best RF model performance on test data:
              precision    recall  f1-score   support

           0       0.63      0.64      0.63      2117
           1       0.32      0.53      0.40       847
           2       0.13      0.40      0.20       450
           3       0.54      0.61      0.57      1653
           4       0.20      0.61      0.30       501
           5       0.16      0.48      0.24       290
           6       0.27      0.68      0.39       617
           7       0.20      0.47      0.28       458
           8       0.38      0.65      0.48       466
           9       0.21      0.45      0.28       398

   micro avg       0.34      0.58      0.43      7797
   macro avg       0.30      0.55      0.38      7797
weighted avg       0.41      0.58      0.47      7797
 samples avg       0.34      0.58      0.40      7797

Confusion matrices:
 Predicted: 
   N | P  
[[TN, FP] 
[FN, TP]] 
 
[[[1203  803]
  [ 770 1347]]

 [[2325  951]
  [ 398  449]]

 [[2499 1174]
  [ 268  182]]

 [[1602  868]
  [ 652 1001]]

 [[2423 1199]
  [ 197  304]]

 [[3118  715]
  [ 150  140]]

 [[2385 1121]
  [ 199  418]]

 [[2795  870]
  [ 241  217]]

 [[3170  487]
  [ 163  303]]

 [[3030  695]
  [ 218  180]]]
Best RF model performance on test data:
              precision    recall  f1-score   support

           0       0.63      0.64      0.63      2117
           1       0.32      0.53      0.40       847
           2       0.13      0.40      0.20       450
           3       0.54      0.61      0.57      1653
           4       0.20      0.61      0.30       501
           5       0.16      0.48      0.24       290
           6       0.27      0.68      0.39       617
           7       0.20      0.47      0.28       458
           8       0.38      0.65      0.48       466
           9       0.21      0.45      0.28       398

   micro avg       0.34      0.58      0.43      7797
   macro avg       0.30      0.55      0.38      7797
weighted avg       0.41      0.58      0.47      7797
 samples avg       0.34      0.58      0.40      7797

Confusion matrices:
 Predicted: 
   N | P  
[[TN, FP] 
[FN, TP]] 
 
[[[1203  803]
  [ 770 1347]]

 [[2325  951]
  [ 398  449]]

 [[2499 1174]
  [ 268  182]]

 [[1602  868]
  [ 652 1001]]

 [[2423 1199]
  [ 197  304]]

 [[3118  715]
  [ 150  140]]

 [[2385 1121]
  [ 199  418]]

 [[2795  870]
  [ 241  217]]

 [[3170  487]
  [ 163  303]]

 [[3030  695]
  [ 218  180]]]
Best RF model performance on test data:
              precision    recall  f1-score   support

           0       0.63      0.64      0.63      2117
           1       0.32      0.53      0.40       847
           2       0.13      0.40      0.20       450
           3       0.54      0.61      0.57      1653
           4       0.20      0.61      0.30       501
           5       0.16      0.48      0.24       290
           6       0.27      0.68      0.39       617
           7       0.20      0.47      0.28       458
           8       0.38      0.65      0.48       466
           9       0.21      0.45      0.28       398

   micro avg       0.34      0.58      0.43      7797
   macro avg       0.30      0.55      0.38      7797
weighted avg       0.41      0.58      0.47      7797
 samples avg       0.34      0.58      0.40      7797

Confusion matrices:
 Predicted: 
   N | P  
[[TN, FP] 
[FN, TP]] 
 
[[[1203  803]
  [ 770 1347]]

 [[2325  951]
  [ 398  449]]

 [[2499 1174]
  [ 268  182]]

 [[1602  868]
  [ 652 1001]]

 [[2423 1199]
  [ 197  304]]

 [[3118  715]
  [ 150  140]]

 [[2385 1121]
  [ 199  418]]

 [[2795  870]
  [ 241  217]]

 [[3170  487]
  [ 163  303]]

 [[3030  695]
  [ 218  180]]]
