RF:
Training done. Time taken: 6:28:22.239901
params tried:
{'ml__estimator__min_samples_split': [2, 3, 4, 5], 'ml__estimator__max_depth': [10, 15, 20], 'ml__estimator__n_estimators': [300, 500, 700], 'ml__estimator__random_state': [93], 'ml__estimator__max_features': [0.3, 0.4, 0.5, 0.6]}

Best training make_scorer(f1_score, average=micro, zero_division=0) score: 0.36. Best model params:
{'ml__estimator__max_depth': 15, 'ml__estimator__max_features': 0.6, 'ml__estimator__min_samples_split': 3, 'ml__estimator__n_estimators': 300, 'ml__estimator__random_state': 93}.

Best RF model performance on test data:
              precision    recall  f1-score   support

           0       0.60      0.63      0.62      1317
           1       0.56      0.08      0.14       519
           2       0.00      0.00      0.00       313
           3       0.53      0.25      0.34       956
           4       0.00      0.00      0.00       355
           5       0.50      0.04      0.08       196
           6       0.00      0.00      0.00       180
           7       0.61      0.31      0.41       324
           8       0.17      0.00      0.01       296
           9       1.00      0.02      0.03       261

   micro avg       0.58      0.26      0.36      4717
   macro avg       0.40      0.13      0.16      4717
weighted avg       0.47      0.26      0.29      4717
 samples avg       0.40      0.27      0.31      4717

Confusion matrices:
[[TN, FP] 
[FN, TP]] 
 
[[[ 774  552]
  [ 485  832]]

 [[2090   34]
  [ 476   43]]

 [[2330    0]
  [ 313    0]]

 [[1477  210]
  [ 718  238]]

 [[2288    0]
  [ 355    0]]

 [[2439    8]
  [ 188    8]]

 [[2462    1]
  [ 180    0]]

 [[2257   62]
  [ 225   99]]

 [[2342    5]
  [ 295    1]]

 [[2382    0]
  [ 257    4]]]
Best RF model performance on test data:
              precision    recall  f1-score   support

           0       0.60      0.64      0.62      1317
           1       0.57      0.08      0.14       519
           2       0.00      0.00      0.00       313
           3       0.53      0.25      0.34       956
           4       0.00      0.00      0.00       355
           5       0.50      0.04      0.08       196
           6       0.00      0.00      0.00       180
           7       0.62      0.30      0.40       324
           8       0.17      0.00      0.01       296
           9       1.00      0.02      0.03       261

   micro avg       0.58      0.26      0.36      4717
   macro avg       0.40      0.13      0.16      4717
weighted avg       0.47      0.26      0.29      4717
 samples avg       0.40      0.27      0.31      4717

Confusion matrices:
[[TN, FP] 
[FN, TP]] 
 
[[[ 770  556]
  [ 480  837]]

 [[2091   33]
  [ 476   43]]

 [[2330    0]
  [ 313    0]]

 [[1475  212]
  [ 716  240]]

 [[2288    0]
  [ 355    0]]

 [[2439    8]
  [ 188    8]]

 [[2462    1]
  [ 180    0]]

 [[2259   60]
  [ 228   96]]

 [[2342    5]
  [ 295    1]]

 [[2382    0]
  [ 257    4]]]
Best RF model performance on test data:
              precision    recall  f1-score   support

           0       0.60      0.63      0.62      1317
           1       0.56      0.08      0.14       519
           2       0.00      0.00      0.00       313
           3       0.53      0.25      0.34       956
           4       0.00      0.00      0.00       355
           5       0.50      0.04      0.08       196
           6       0.00      0.00      0.00       180
           7       0.61      0.31      0.41       324
           8       0.17      0.00      0.01       296
           9       1.00      0.02      0.03       261

   micro avg       0.58      0.26      0.36      4717
   macro avg       0.40      0.13      0.16      4717
weighted avg       0.47      0.26      0.29      4717
 samples avg       0.40      0.27      0.31      4717

Confusion matrices:
[[TN, FP] 
[FN, TP]] 
 
[[[ 774  552]
  [ 485  832]]

 [[2090   34]
  [ 476   43]]

 [[2330    0]
  [ 313    0]]

 [[1477  210]
  [ 718  238]]

 [[2288    0]
  [ 355    0]]

 [[2439    8]
  [ 188    8]]

 [[2462    1]
  [ 180    0]]

 [[2257   62]
  [ 225   99]]

 [[2342    5]
  [ 295    1]]

 [[2382    0]
  [ 257    4]]]
Best RF model performance on test data:
              precision    recall  f1-score   support

           0       0.60      0.64      0.62      1317
           1       0.57      0.08      0.14       519
           2       0.00      0.00      0.00       313
           3       0.53      0.25      0.34       956
           4       0.00      0.00      0.00       355
           5       0.50      0.04      0.08       196
           6       0.00      0.00      0.00       180
           7       0.62      0.30      0.40       324
           8       0.17      0.00      0.01       296
           9       1.00      0.02      0.03       261

   micro avg       0.58      0.26      0.36      4717
   macro avg       0.40      0.13      0.16      4717
weighted avg       0.47      0.26      0.29      4717
 samples avg       0.40      0.27      0.31      4717

Confusion matrices:
 Predicted: 
   N | P  
[[TN, FP] 
[FN, TP]] 
 
[[[ 770  556]
  [ 480  837]]

 [[2091   33]
  [ 476   43]]

 [[2330    0]
  [ 313    0]]

 [[1475  212]
  [ 716  240]]

 [[2288    0]
  [ 355    0]]

 [[2439    8]
  [ 188    8]]

 [[2462    1]
  [ 180    0]]

 [[2259   60]
  [ 228   96]]

 [[2342    5]
  [ 295    1]]

 [[2382    0]
  [ 257    4]]]
Best RF model performance on test data:
              precision    recall  f1-score   support

           0       0.60      0.63      0.62      1317
           1       0.56      0.08      0.14       519
           2       0.00      0.00      0.00       313
           3       0.53      0.25      0.34       956
           4       0.00      0.00      0.00       355
           5       0.50      0.04      0.08       196
           6       0.00      0.00      0.00       180
           7       0.61      0.31      0.41       324
           8       0.17      0.00      0.01       296
           9       1.00      0.02      0.03       261

   micro avg       0.58      0.26      0.36      4717
   macro avg       0.40      0.13      0.16      4717
weighted avg       0.47      0.26      0.29      4717
 samples avg       0.40      0.27      0.31      4717

Confusion matrices:
 Predicted: 
   N | P  
[[TN, FP] 
[FN, TP]] 
 
[[[ 774  552]
  [ 485  832]]

 [[2090   34]
  [ 476   43]]

 [[2330    0]
  [ 313    0]]

 [[1477  210]
  [ 718  238]]

 [[2288    0]
  [ 355    0]]

 [[2439    8]
  [ 188    8]]

 [[2462    1]
  [ 180    0]]

 [[2257   62]
  [ 225   99]]

 [[2342    5]
  [ 295    1]]

 [[2382    0]
  [ 257    4]]]
Best RF model performance on test data:
              precision    recall  f1-score   support

           0       0.60      0.64      0.62      1317
           1       0.57      0.08      0.14       519
           2       0.00      0.00      0.00       313
           3       0.53      0.25      0.34       956
           4       0.00      0.00      0.00       355
           5       0.50      0.04      0.08       196
           6       0.00      0.00      0.00       180
           7       0.62      0.30      0.40       324
           8       0.17      0.00      0.01       296
           9       1.00      0.02      0.03       261

   micro avg       0.58      0.26      0.36      4717
   macro avg       0.40      0.13      0.16      4717
weighted avg       0.47      0.26      0.29      4717
 samples avg       0.40      0.27      0.31      4717

Confusion matrices:
 Predicted: 
   N | P  
[[TN, FP] 
[FN, TP]] 
 
[[[ 770  556]
  [ 480  837]]

 [[2091   33]
  [ 476   43]]

 [[2330    0]
  [ 313    0]]

 [[1475  212]
  [ 716  240]]

 [[2288    0]
  [ 355    0]]

 [[2439    8]
  [ 188    8]]

 [[2462    1]
  [ 180    0]]

 [[2259   60]
  [ 228   96]]

 [[2342    5]
  [ 295    1]]

 [[2382    0]
  [ 257    4]]]
Best RF model performance on test data:
              precision    recall  f1-score   support

           0       0.60      0.63      0.62      1317
           1       0.56      0.08      0.14       519
           2       0.00      0.00      0.00       313
           3       0.53      0.25      0.34       956
           4       0.00      0.00      0.00       355
           5       0.50      0.04      0.08       196
           6       0.00      0.00      0.00       180
           7       0.61      0.31      0.41       324
           8       0.17      0.00      0.01       296
           9       1.00      0.02      0.03       261

   micro avg       0.58      0.26      0.36      4717
   macro avg       0.40      0.13      0.16      4717
weighted avg       0.47      0.26      0.29      4717
 samples avg       0.40      0.27      0.31      4717

Confusion matrices:
 Predicted: 
   N | P  
[[TN, FP] 
[FN, TP]] 
 
[[[ 774  552]
  [ 485  832]]

 [[2090   34]
  [ 476   43]]

 [[2330    0]
  [ 313    0]]

 [[1477  210]
  [ 718  238]]

 [[2288    0]
  [ 355    0]]

 [[2439    8]
  [ 188    8]]

 [[2462    1]
  [ 180    0]]

 [[2257   62]
  [ 225   99]]

 [[2342    5]
  [ 295    1]]

 [[2382    0]
  [ 257    4]]]
Best RF model performance on test data:
              precision    recall  f1-score   support

           0       0.60      0.64      0.62      1317
           1       0.57      0.08      0.14       519
           2       0.00      0.00      0.00       313
           3       0.53      0.25      0.34       956
           4       0.00      0.00      0.00       355
           5       0.50      0.04      0.08       196
           6       0.00      0.00      0.00       180
           7       0.62      0.30      0.40       324
           8       0.17      0.00      0.01       296
           9       1.00      0.02      0.03       261

   micro avg       0.58      0.26      0.36      4717
   macro avg       0.40      0.13      0.16      4717
weighted avg       0.47      0.26      0.29      4717
 samples avg       0.40      0.27      0.31      4717

Confusion matrices:
 Predicted: 
   N | P  
[[TN, FP] 
[FN, TP]] 
 
[[[ 770  556]
  [ 480  837]]

 [[2091   33]
  [ 476   43]]

 [[2330    0]
  [ 313    0]]

 [[1475  212]
  [ 716  240]]

 [[2288    0]
  [ 355    0]]

 [[2439    8]
  [ 188    8]]

 [[2462    1]
  [ 180    0]]

 [[2259   60]
  [ 228   96]]

 [[2342    5]
  [ 295    1]]

 [[2382    0]
  [ 257    4]]]
Best RF model performance on test data:
              precision    recall  f1-score   support

           0       0.60      0.64      0.62      1317
           1       0.57      0.08      0.14       519
           2       0.00      0.00      0.00       313
           3       0.53      0.25      0.34       956
           4       0.00      0.00      0.00       355
           5       0.50      0.04      0.08       196
           6       0.00      0.00      0.00       180
           7       0.62      0.30      0.40       324
           8       0.17      0.00      0.01       296
           9       1.00      0.02      0.03       261

   micro avg       0.58      0.26      0.36      4717
   macro avg       0.40      0.13      0.16      4717
weighted avg       0.47      0.26      0.29      4717
 samples avg       0.40      0.27      0.31      4717

Confusion matrices:
 Predicted: 
   N | P  
[[TN, FP] 
[FN, TP]] 
 
[[[ 770  556]
  [ 480  837]]

 [[2091   33]
  [ 476   43]]

 [[2330    0]
  [ 313    0]]

 [[1475  212]
  [ 716  240]]

 [[2288    0]
  [ 355    0]]

 [[2439    8]
  [ 188    8]]

 [[2462    1]
  [ 180    0]]

 [[2259   60]
  [ 228   96]]

 [[2342    5]
  [ 295    1]]

 [[2382    0]
  [ 257    4]]]
